pos/152725580634img.png 1 0 0 162 35
pos/152725589201img.png 1 0 0 166 33
pos/15274225536548786img.png 1 0 0 160 40
pos/152725586667img.png 1 0 0 159 28
pos/1527431559112352img.png 1 0 0 255 52
pos/152725582651img.png 1 0 0 169 39
pos/15274084409332938img.png 1 0 0 165 40
pos/15274255968762686img.png 1 0 0 165 37
pos/15274316496368852img.png 1 0 0 255 52
pos/152725591891img.png 1 0 0 116 25
pos/152725589382img.png 1 0 0 167 31
pos/152725522939img.png 1 0 0 171 29
pos/15274071305085146img.png 1 0 0 165 40
pos/152725525576img.png 1 0 0 160 33
pos/152725522984img.png 1 0 0 168 35
pos/152725595638img.png 1 0 0 113 26
pos/15274299833177848img.png 1 0 0 165 35
pos/152725577499img.png 1 0 0 115 25
pos/152725585539img.png 1 0 0 114 23
pos/15272558774img.png 1 0 0 122 23
pos/15274214397933822img.png 1 0 0 160 40
pos/152725580418img.png 1 0 0 114 28
pos/15274066254056833img.png 1 0 0 165 40
pos/1527419738965663img.png 1 0 0 160 40
pos/15272557517img.png 1 0 0 160 33
pos/15274137535814817img.png 1 0 0 170 35
pos/152725525828img.png 1 0 0 164 36
pos/15272558816img.png 1 0 0 160 32
pos/152725570625img.png 1 0 0 119 30
pos/152725590729img.png 1 0 0 136 30
pos/152725576627img.png 1 0 0 124 25
pos/15274052053949163img.png 1 0 0 165 40
pos/15274276497476037img.png 1 0 0 165 35
pos/152725583639img.png 1 0 0 121 25
pos/152725571855img.png 1 0 0 220 45
pos/15274265361231945img.png 1 0 0 245 50
pos/15274194435209498img.png 1 0 0 160 40
pos/15274065565157533img.png 1 0 0 165 40
pos/15274255490125675img.png 1 0 0 165 37
pos/152725579858img.png 1 0 0 217 38
pos/15272557735img.png 1 0 0 168 28
pos/152725588467img.png 1 0 0 163 31
pos/15274289912777755img.png 1 0 0 165 35
pos/152725591433img.png 1 0 0 118 26
pos/152725570478img.png 1 0 0 122 26
pos/152725570178img.png 1 0 0 222 50
pos/15274195200812283img.png 1 0 0 160 40
pos/15274157895961454img.png 1 0 0 170 35
pos/15274219229854624img.png 1 0 0 160 40
pos/152725526094img.png 1 0 0 154 36
pos/1527419710694835img.png 1 0 0 160 40
pos/15272557753img.png 1 0 0 116 27
pos/1527405638580646img.png 1 0 0 165 40
pos/152725524678img.png 1 0 0 116 22
pos/152725574981img.png 1 0 0 120 27
pos/15274144196334655img.png 1 0 0 170 35
pos/15274254773189814img.png 1 0 0 165 37
pos/152725588836img.png 1 0 0 161 34
pos/15274077569495966img.png 1 0 0 165 40
pos/15274082439692457img.png 1 0 0 165 40
pos/15274052283559825img.png 1 0 0 165 40
pos/1527430524123249img.png 1 0 0 165 35
pos/152725592817img.png 1 0 0 222 43
pos/15274303633840084img.png 1 0 0 165 35
pos/15274284258344605img.png 1 0 0 165 35
pos/15274280488656397img.png 1 0 0 165 35
pos/15272557192img.png 1 0 0 127 23
pos/15274252212180817img.png 1 0 0 165 37
pos/152725525485img.png 1 0 0 158 38
pos/15274086024608638img.png 1 0 0 165 40
pos/152725588954img.png 1 0 0 159 32
pos/15274087178412452img.png 1 0 0 165 40
pos/152725580868img.png 1 0 0 161 36
pos/152725584039img.png 1 0 0 116 25
pos/152725571833img.png 1 0 0 165 35
pos/15274254131399643img.png 1 0 0 165 37
pos/15274249480749054img.png 1 0 0 165 37
pos/152725581078img.png 1 0 0 166 33
pos/1527428060366095img.png 1 0 0 165 35
pos/15274262839155354img.png 1 0 0 245 50
pos/1527416353509221img.png 1 0 0 170 35
pos/15274224200619378img.png 1 0 0 160 40
pos/152725580215img.png 1 0 0 120 21
pos/152725580081img.png 1 0 0 167 32
pos/1527421799031885img.png 1 0 0 160 40
pos/15274067862014353img.png 1 0 0 165 40
pos/152725596354img.png 1 0 0 119 27
pos/15274161173822725img.png 1 0 0 170 35
pos/152725524404img.png 1 0 0 162 34
pos/152725571447img.png 1 0 0 168 34
pos/15272558513img.png 1 0 0 115 25
pos/15274223262697446img.png 1 0 0 160 40
pos/15274156590229452img.png 1 0 0 170 35
pos/152725522963img.png 1 0 0 165 30
pos/15274079541451402img.png 1 0 0 165 40
pos/15274290477199447img.png 1 0 0 165 35
pos/15274250047978258img.png 1 0 0 165 37
pos/15274074744513047img.png 1 0 0 165 40
pos/152725582212img.png 1 0 0 122 24
pos/152725589859img.png 1 0 0 224 40
pos/152725572251img.png 1 0 0 162 35
pos/152725577647img.png 1 0 0 164 33
pos/15274143333568747img.png 1 0 0 170 35
pos/15274286752913435img.png 1 0 0 165 35
pos/152725583124img.png 1 0 0 217 44
pos/152725572391img.png 1 0 0 118 27
pos/15274198723787239img.png 1 0 0 160 40
pos/15272559561img.png 1 0 0 118 21
pos/15274192213164423img.png 1 0 0 160 40
pos/152725592548img.png 1 0 0 158 37
pos/152725579803img.png 1 0 0 158 33
pos/152725582142img.png 1 0 0 163 33
pos/152725587447img.png 1 0 0 155 35
pos/15272552543img.png 1 0 0 165 40
pos/1527420837878702img.png 1 0 0 160 40
pos/15274241982415843img.png 1 0 0 160 40
pos/1527422487814259img.png 1 0 0 160 40
pos/152725588383img.png 1 0 0 164 36
pos/15272558658img.png 1 0 0 160 37
pos/15272557990img.png 1 0 0 123 23
pos/152725524211img.png 1 0 0 138 27
pos/15274052397952805img.png 1 0 0 165 40
pos/15274251000816905img.png 1 0 0 165 37
pos/152725575883img.png 1 0 0 113 25
pos/152725585984img.png 1 0 0 120 27
pos/15274278204037135img.png 1 0 0 165 35
pos/15274240431361418img.png 1 0 0 160 40
pos/15274081286709783img.png 1 0 0 165 40
pos/15274287094400947img.png 1 0 0 165 35
pos/15274278549127405img.png 1 0 0 165 35
pos/152725573339img.png 1 0 0 211 41
pos/152725594049img.png 1 0 0 229 45
pos/152725577404img.png 1 0 0 122 28
pos/152725594536img.png 1 0 0 224 45
pos/152725581752img.png 1 0 0 124 25
pos/15272552521img.png 1 0 0 165 31
pos/152725593054img.png 1 0 0 109 24
pos/152725571729img.png 1 0 0 113 28
pos/15274250288765848img.png 1 0 0 165 37
pos/152725592399img.png 1 0 0 216 42
pos/15274269766651642img.png 1 0 0 245 50
pos/15274218682798603img.png 1 0 0 160 40
pos/15274194032158093img.png 1 0 0 160 40
pos/152725589112img.png 1 0 0 108 23
pos/15272559393img.png 1 0 0 119 25
pos/152725588631img.png 1 0 0 113 32
pos/1527421025418877img.png 1 0 0 160 40
pos/152725575294img.png 1 0 0 213 38
pos/152725573734img.png 1 0 0 160 32
pos/15272557069img.png 1 0 0 126 32
pos/152725583247img.png 1 0 0 165 35
pos/15274302944993994img.png 1 0 0 165 35
pos/1527428471577197img.png 1 0 0 165 35
pos/15274135173030465img.png 1 0 0 170 35
pos/15274251800070298img.png 1 0 0 165 37
pos/1527427911968352img.png 1 0 0 165 35
pos/1527408498523697img.png 1 0 0 165 40
pos/15274204757351022img.png 1 0 0 160 40
pos/15274138396163194img.png 1 0 0 170 35
pos/1527407394057462img.png 1 0 0 165 40
pos/15272558137img.png 1 0 0 112 24
pos/15274300527271655img.png 1 0 0 165 35
pos/1527415877438133img.png 1 0 0 170 35
pos/15274052855506313img.png 1 0 0 165 40
pos/152725586763img.png 1 0 0 116 24
pos/1527405741751946img.png 1 0 0 165 40
pos/152725588819img.png 1 0 0 114 25
pos/152725583058img.png 1 0 0 120 26
pos/152725579679img.png 1 0 0 112 24
pos/15274220818252614img.png 1 0 0 160 40
pos/152725575393img.png 1 0 0 165 38
pos/15274304670789828img.png 1 0 0 165 35
pos/152725595566img.png 1 0 0 115 24
pos/15274280833411362img.png 1 0 0 165 35
pos/152742914967813img.png 1 0 0 165 35
pos/152725574048img.png 1 0 0 125 29
pos/15274166150131328img.png 1 0 0 170 35
pos/15274070728634043img.png 1 0 0 165 40
pos/15274055473842692img.png 1 0 0 165 40
pos/1527429994860636img.png 1 0 0 165 35
pos/15274314533679092img.png 1 0 0 255 52
pos/15274265116238253img.png 1 0 0 245 50
pos/152725581349img.png 1 0 0 219 41
pos/152725578764img.png 1 0 0 216 38
pos/152725583786img.png 1 0 0 121 23
pos/152725571492img.png 1 0 0 117 26
pos/152725591335img.png 1 0 0 119 25
pos/152725573422img.png 1 0 0 121 23
pos/15274286981096814img.png 1 0 0 165 35
pos/15274250532477279img.png 1 0 0 165 37
pos/152725577806img.png 1 0 0 108 22
pos/15274174984518363img.png 1 0 0 170 35
pos/152725571261img.png 1 0 0 165 35
pos/1527431781170771img.png 1 0 0 255 52
pos/15274083023330836img.png 1 0 0 165 40
pos/152725575982img.png 1 0 0 110 24
pos/15274205840819259img.png 1 0 0 160 40
pos/152725580328img.png 1 0 0 161 33
pos/15274079425198116img.png 1 0 0 165 40
pos/15274063268315701img.png 1 0 0 165 40
pos/15274279349440567img.png 1 0 0 165 35
pos/15274264869062824img.png 1 0 0 245 50
pos/15274316884297023img.png 1 0 0 255 52
pos/15274156805079684img.png 1 0 0 170 35
pos/152725577989img.png 1 0 0 123 21
pos/152742881186842img.png 1 0 0 165 35
pos/15274062349134617img.png 1 0 0 165 40
pos/15274290249460378img.png 1 0 0 165 35
pos/152725593776img.png 1 0 0 214 42
pos/15274314727521892img.png 1 0 0 255 52
pos/15274289017915978img.png 1 0 0 165 35
pos/15274220421178608img.png 1 0 0 160 40
pos/152725570243img.png 1 0 0 165 35
pos/15274060276629589img.png 1 0 0 165 40
pos/152725596165img.png 1 0 0 222 42
pos/15274170457964685img.png 1 0 0 170 35
pos/152725585054img.png 1 0 0 122 22
pos/152725574471img.png 1 0 0 116 23
pos/15274316960896993img.png 1 0 0 255 52
pos/152725593351img.png 1 0 0 119 26
pos/152725590712img.png 1 0 0 161 35
pos/152725587679img.png 1 0 0 160 33
pos/15274086371461346img.png 1 0 0 165 40
pos/1527417585168413img.png 1 0 0 170 35
pos/152725572956img.png 1 0 0 122 22
pos/152725581171img.png 1 0 0 120 25
pos/15274152928956413img.png 1 0 0 170 35
pos/15274195877274468img.png 1 0 0 160 40
pos/15274145919881938img.png 1 0 0 170 35
pos/15274080936335812img.png 1 0 0 165 40
pos/15274140113990173img.png 1 0 0 170 35
pos/152725579481img.png 1 0 0 216 32
pos/15274074170777247img.png 1 0 0 165 40
pos/1527415702054541img.png 1 0 0 170 35
pos/15274078728929305img.png 1 0 0 165 40
pos/152743167322933img.png 1 0 0 255 52
pos/152725592011img.png 1 0 0 164 31
pos/152725571784img.png 1 0 0 119 20
pos/1527415357947777img.png 1 0 0 170 35
pos/15274292854009726img.png 1 0 0 165 35
pos/152725579382img.png 1 0 0 163 26
pos/152725525931img.png 1 0 0 159 33
pos/152725590478img.png 1 0 0 162 35
pos/15274315661298323img.png 1 0 0 255 52
pos/15272558935img.png 1 0 0 151 34
pos/152725581293img.png 1 0 0 222 45
pos/15274286528497028img.png 1 0 0 165 35
pos/152725579363img.png 1 0 0 112 26
pos/15274196831761556img.png 1 0 0 160 40
pos/1527406717296863img.png 1 0 0 165 40
pos/15274296958957736img.png 1 0 0 165 35
pos/152725586001img.png 1 0 0 113 24
pos/152725573751img.png 1 0 0 117 25
pos/152725593133img.png 1 0 0 122 28
pos/15274199646918585img.png 1 0 0 160 40
pos/15272558358img.png 1 0 0 120 27
pos/152725588887img.png 1 0 0 116 24
pos/15274053197361906img.png 1 0 0 165 40
pos/15272559012img.png 1 0 0 112 23
pos/1527419977655718img.png 1 0 0 160 40
pos/1527428129046299img.png 1 0 0 165 35
pos/15274191834297621img.png 1 0 0 160 40
pos/152725588038img.png 1 0 0 114 23
pos/152725523943img.png 1 0 0 162 31
pos/15274291833554034img.png 1 0 0 165 35
pos/1527420448992614img.png 1 0 0 160 40
pos/15274084178756456img.png 1 0 0 165 40
pos/15274316809025342img.png 1 0 0 255 52
pos/15272557163img.png 1 0 0 118 27
pos/152725580263img.png 1 0 0 167 34
pos/152725595654img.png 1 0 0 160 35
pos/152725585493img.png 1 0 0 213 43
pos/15274253247217863img.png 1 0 0 165 37
pos/152725575587img.png 1 0 0 221 35
pos/15272557940img.png 1 0 0 119 24
pos/152725595623img.png 1 0 0 116 26
pos/152725576156img.png 1 0 0 116 27
pos/152725595434img.png 1 0 0 221 45
pos/152725594469img.png 1 0 0 164 34
pos/15272558390img.png 1 0 0 123 30
pos/15274291609001973img.png 1 0 0 165 35
pos/15272557952img.png 1 0 0 161 35
pos/152725592456img.png 1 0 0 168 40
pos/152725588135img.png 1 0 0 120 24
pos/152725526129img.png 1 0 0 152 36
pos/152725581429img.png 1 0 0 119 26
pos/15274285053895018img.png 1 0 0 165 35
pos/152725587517img.png 1 0 0 124 24
pos/152742205519991img.png 1 0 0 160 40
pos/15274199246488285img.png 1 0 0 160 40
pos/15272559423img.png 1 0 0 114 26
pos/152725595849img.png 1 0 0 113 24
pos/15272558412img.png 1 0 0 221 48
pos/152725571432img.png 1 0 0 111 22
pos/152725592339img.png 1 0 0 110 25
pos/15274165494258223img.png 1 0 0 170 35
pos/152725594623img.png 1 0 0 159 35
pos/15274080239162333img.png 1 0 0 165 40
pos/152725574162img.png 1 0 0 119 24
pos/15274256290470843img.png 1 0 0 165 37
pos/15274300178362126img.png 1 0 0 165 35
pos/152725524536img.png 1 0 0 162 34
pos/152725578786img.png 1 0 0 120 25
pos/15274176717923985img.png 1 0 0 170 35
pos/15272552285img.png 1 0 0 97 22
pos/15274054564309018img.png 1 0 0 165 40
pos/15274169591010294img.png 1 0 0 170 35
pos/152725585929img.png 1 0 0 163 33
pos/15274076888269086img.png 1 0 0 165 40
pos/152725585165img.png 1 0 0 111 23
pos/1527421145870356img.png 1 0 0 160 40
pos/15274134530241659img.png 1 0 0 170 35
pos/152725585199img.png 1 0 0 214 39
pos/152725523704img.png 1 0 0 162 32
pos/152725589807img.png 1 0 0 113 28
pos/152725570581img.png 1 0 0 117 26
pos/152742635597308img.png 1 0 0 245 50
pos/152725525507img.png 1 0 0 159 34
pos/15274084870367725img.png 1 0 0 165 40
pos/15274315189228902img.png 1 0 0 255 52
pos/152725584716img.png 1 0 0 163 31
pos/152725583726img.png 1 0 0 167 37
pos/1527405843764252img.png 1 0 0 165 40
pos/15274240944705951img.png 1 0 0 160 40
pos/15274167225035882img.png 1 0 0 170 35
pos/152725589063img.png 1 0 0 114 26
pos/152725592598img.png 1 0 0 116 22
pos/152725581018img.png 1 0 0 221 44
pos/15274303174794931img.png 1 0 0 165 35
pos/152725526057img.png 1 0 0 143 35
pos/15272552408img.png 1 0 0 152 36
pos/152725576814img.png 1 0 0 116 25
pos/152725580749img.png 1 0 0 164 30
pos/15274204222341912img.png 1 0 0 160 40
pos/152725594012img.png 1 0 0 165 33
pos/15274300756901133img.png 1 0 0 165 35
pos/152725572117img.png 1 0 0 124 25
pos/152740818671144img.png 1 0 0 165 40
pos/15274072680628934img.png 1 0 0 165 40
pos/152725574502img.png 1 0 0 167 37
pos/152725525721img.png 1 0 0 158 29
pos/15274315393943744img.png 1 0 0 255 52
pos/15274073825774202img.png 1 0 0 165 40
pos/152725596222img.png 1 0 0 224 42
pos/15274293307331061img.png 1 0 0 165 35
pos/152725584528img.png 1 0 0 118 24
pos/152725578437img.png 1 0 0 110 19
pos/152725590781img.png 1 0 0 168 32
pos/1527429342081271img.png 1 0 0 165 35
pos/15274153364491913img.png 1 0 0 170 35
pos/15274206518084402img.png 1 0 0 160 40
pos/152725591461img.png 1 0 0 115 19
pos/152725575666img.png 1 0 0 120 25
pos/152725593967img.png 1 0 0 114 24
pos/1527420705249182img.png 1 0 0 160 40
pos/152725579189img.png 1 0 0 226 37
pos/15272559117img.png 1 0 0 171 34
pos/152725587944img.png 1 0 0 210 44
pos/152725574665img.png 1 0 0 160 31
pos/15274316178872466img.png 1 0 0 255 52
pos/152725573521img.png 1 0 0 161 34
pos/152725571658img.png 1 0 0 159 37
pos/15274069237860277img.png 1 0 0 165 40
pos/15274314989928253img.png 1 0 0 255 52
pos/15274303518990297img.png 1 0 0 165 35
pos/1527407210641021img.png 1 0 0 165 40
pos/1527430684656197img.png 1 0 0 165 35
pos/15274316367404037img.png 1 0 0 255 52
pos/1527428561837476img.png 1 0 0 165 35
pos/152725576986img.png 1 0 0 114 25
pos/15274167009936156img.png 1 0 0 170 35
pos/15274250367149518img.png 1 0 0 165 37
pos/15274069123168805img.png 1 0 0 165 40
pos/15274254452249024img.png 1 0 0 165 37
pos/15274134100717475img.png 1 0 0 170 35
pos/1527407768411104img.png 1 0 0 165 40
pos/152725577159img.png 1 0 0 118 25
pos/1527428163150095img.png 1 0 0 165 35
pos/15274205291772301img.png 1 0 0 160 40
pos/15274160527941043img.png 1 0 0 170 35
pos/15274194945379071img.png 1 0 0 160 40
pos/15274142901517575img.png 1 0 0 170 35
pos/15272559002img.png 1 0 0 107 31
pos/15274242112536087img.png 1 0 0 160 40
pos/152725575252img.png 1 0 0 120 25
pos/152742118757847img.png 1 0 0 160 40
pos/152725591303img.png 1 0 0 117 22
pos/15274304093496923img.png 1 0 0 165 35
pos/1527421882310311img.png 1 0 0 160 40
pos/152725582935img.png 1 0 0 217 43
pos/15274070381342192img.png 1 0 0 165 40
pos/152725592666img.png 1 0 0 156 28
pos/15274058325588627img.png 1 0 0 165 40
pos/15274212015451531img.png 1 0 0 160 40
pos/152725586382img.png 1 0 0 159 35
pos/152725595053img.png 1 0 0 116 26
pos/15274255328409338img.png 1 0 0 165 37
pos/15272558818img.png 1 0 0 141 29
pos/15274267698198311img.png 1 0 0 245 50
pos/15274294445122201img.png 1 0 0 165 35
pos/152725570675img.png 1 0 0 118 25
pos/152725596403img.png 1 0 0 164 36
pos/15274290024901085img.png 1 0 0 165 35
pos/15274214655872538img.png 1 0 0 160 40
pos/152725578901img.png 1 0 0 160 32
pos/152725586121img.png 1 0 0 115 25
pos/152725579432img.png 1 0 0 118 24
pos/152725522758img.png 1 0 0 188 36
pos/152725525142img.png 1 0 0 157 26
pos/152725590082img.png 1 0 0 215 42
pos/152725593997img.png 1 0 0 160 35
pos/152725578917img.png 1 0 0 119 18
pos/152725578342img.png 1 0 0 113 24
pos/15274249889669218img.png 1 0 0 165 37
pos/152725587068img.png 1 0 0 117 25
pos/152725592733img.png 1 0 0 122 29
pos/15274292627277532img.png 1 0 0 165 35
pos/1527406877806615img.png 1 0 0 165 40
pos/15274240689291444img.png 1 0 0 160 40
pos/152725582785img.png 1 0 0 167 39
pos/15274280718442655img.png 1 0 0 165 35
pos/152725522898img.png 1 0 0 156 35
pos/152725589366img.png 1 0 0 117 25
pos/152725587787img.png 1 0 0 170 37
pos/152725591605img.png 1 0 0 116 25
pos/152725593085img.png 1 0 0 125 24
pos/15274174555566714img.png 1 0 0 170 35
pos/152725575729img.png 1 0 0 166 31
pos/15274219099722276img.png 1 0 0 160 40
pos/152725579708img.png 1 0 0 159 34
pos/152725580504img.png 1 0 0 144 28
pos/152725595404img.png 1 0 0 119 27
pos/152725582372img.png 1 0 0 221 41
pos/15274075087612753img.png 1 0 0 165 40
pos/15274192090168798img.png 1 0 0 160 40
pos/15272557774img.png 1 0 0 117 26
pos/1527408058867615img.png 1 0 0 165 40
pos/15272552356img.png 1 0 0 155 33
pos/15274168087244265img.png 1 0 0 170 35
pos/152725575368img.png 1 0 0 162 31
pos/15274214919065359img.png 1 0 0 160 40
pos/15274240561457152img.png 1 0 0 160 40
pos/152725578727img.png 1 0 0 128 33
pos/15274271475759313img.png 1 0 0 245 50
pos/152725575452img.png 1 0 0 120 27
pos/152725590604img.png 1 0 0 119 25
pos/15274062118948228img.png 1 0 0 165 40
pos/15274176932362385img.png 1 0 0 170 35
pos/15274148743492086img.png 1 0 0 170 35
pos/15274282205432599img.png 1 0 0 165 35
pos/152725572267img.png 1 0 0 111 25
pos/15274253161297805img.png 1 0 0 165 37
pos/152725524259img.png 1 0 0 161 34
pos/152725588397img.png 1 0 0 164 27
pos/152725584821img.png 1 0 0 109 27
pos/1527420625245192img.png 1 0 0 160 40
pos/15272557954img.png 1 0 0 217 38
pos/152725524883img.png 1 0 0 165 38
pos/152725574066img.png 1 0 0 160 34
pos/15274296497571342img.png 1 0 0 165 35
pos/152725573251img.png 1 0 0 164 31
pos/152725585686img.png 1 0 0 109 27
pos/1527425308136539img.png 1 0 0 165 37
pos/152725590867img.png 1 0 0 230 47
pos/15274073139134283img.png 1 0 0 165 40
pos/15274059240329125img.png 1 0 0 165 40
pos/152725588482img.png 1 0 0 116 26
pos/1527425124603894img.png 1 0 0 165 37
pos/152725587499img.png 1 0 0 118 23
pos/152725523671img.png 1 0 0 159 31
pos/15274281746577113img.png 1 0 0 165 35
pos/15272552282img.png 1 0 0 159 33
pos/152725588666img.png 1 0 0 118 22
pos/152725588602img.png 1 0 0 165 37
pos/152725580729img.png 1 0 0 228 45
pos/152725581934img.png 1 0 0 117 24
pos/15274251404360912img.png 1 0 0 165 37
pos/152725586248img.png 1 0 0 122 23
pos/1527405114235458img.png 1 0 0 165 40
pos/152725589323img.png 1 0 0 171 32
pos/1527426634270998img.png 1 0 0 245 50
pos/15274202466733034img.png 1 0 0 160 40
pos/152725577037img.png 1 0 0 118 26
pos/15272557061img.png 1 0 0 145 32
pos/15274080123014584img.png 1 0 0 165 40
pos/152725577853img.png 1 0 0 153 37
pos/15272552431img.png 1 0 0 165 40
pos/15274209460047767img.png 1 0 0 160 40
pos/15272557489img.png 1 0 0 161 31
pos/152725593255img.png 1 0 0 167 35
pos/152725586864img.png 1 0 0 121 27
pos/15274297072958238img.png 1 0 0 165 35
pos/15274270256442423img.png 1 0 0 245 50
pos/15274147428630643img.png 1 0 0 170 35
pos/15272559372img.png 1 0 0 117 23
pos/152725583477img.png 1 0 0 119 25
pos/152725583011img.png 1 0 0 124 28
pos/152725524473img.png 1 0 0 163 34
pos/152725571235img.png 1 0 0 225 46
pos/15274264746358068img.png 1 0 0 245 50
pos/1527419615058679img.png 1 0 0 160 40
pos/152725589185img.png 1 0 0 118 24
pos/152725592648img.png 1 0 0 111 26
pos/15274295813373256img.png 1 0 0 165 35
pos/15274295129400704img.png 1 0 0 165 35
pos/152725587755img.png 1 0 0 126 27
pos/152725525289img.png 1 0 0 158 31
pos/152725595899img.png 1 0 0 161 31
pos/152725594339img.png 1 0 0 214 42
pos/152725525264img.png 1 0 0 156 38
pos/15274294217624044img.png 1 0 0 165 35
pos/152725572576img.png 1 0 0 166 34
pos/1527406315324575img.png 1 0 0 165 40
pos/15272558762img.png 1 0 0 114 27
pos/15274174126382916img.png 1 0 0 170 35
pos/15274087525313032img.png 1 0 0 165 40
pos/15274070496150126img.png 1 0 0 165 40
pos/152725588293img.png 1 0 0 165 35
pos/15274291160048287img.png 1 0 0 165 35
pos/15274302030429697img.png 1 0 0 165 35
pos/15274052969150436img.png 1 0 0 165 40
pos/15274156375360675img.png 1 0 0 170 35
pos/15274065793874407img.png 1 0 0 165 40
pos/152725523977img.png 1 0 0 163 36
pos/15274178430834613img.png 1 0 0 170 35
pos/15274137321086996img.png 1 0 0 170 35
pos/152725585241img.png 1 0 0 231 41
pos/1527425284546995img.png 1 0 0 165 37
pos/15272557509img.png 1 0 0 109 30
pos/15272558280img.png 1 0 0 168 41
pos/1527408475452121img.png 1 0 0 165 40
pos/152725583963img.png 1 0 0 124 30
pos/15272558285img.png 1 0 0 117 25
pos/15274176288564813img.png 1 0 0 170 35
pos/152725591151img.png 1 0 0 163 35
pos/15274250128614452img.png 1 0 0 165 37
pos/15274194297428906img.png 1 0 0 160 40
pos/152725585322img.png 1 0 0 159 33
pos/15274160958319223img.png 1 0 0 170 35
pos/152725593867img.png 1 0 0 159 36
pos/15274058894004962img.png 1 0 0 165 40
pos/152725584837img.png 1 0 0 165 31
pos/15274252766001787img.png 1 0 0 165 37
pos/15274068320317447img.png 1 0 0 165 40
pos/152725587605img.png 1 0 0 122 24
pos/15274251964768546img.png 1 0 0 165 37
pos/152725524387img.png 1 0 0 150 35
pos/15274155728411462img.png 1 0 0 170 35
pos/15274281063287446img.png 1 0 0 165 35
pos/15274209320886343img.png 1 0 0 160 40
pos/152725595669img.png 1 0 0 120 21
pos/152725579227img.png 1 0 0 162 33
pos/15274213758538496img.png 1 0 0 160 40
pos/152725585307img.png 1 0 0 122 28
pos/1527414786521485img.png 1 0 0 170 35
pos/152725594436img.png 1 0 0 117 23
pos/15274205563878217img.png 1 0 0 160 40
pos/152725575106img.png 1 0 0 162 31
pos/152725570463img.png 1 0 0 110 25
pos/152725595804img.png 1 0 0 165 31
pos/152725578197img.png 1 0 0 108 24
pos/152725573767img.png 1 0 0 118 25
pos/152725578147img.png 1 0 0 213 48
pos/1527420259203575img.png 1 0 0 160 40
pos/152725526553img.png 1 0 0 152 37
pos/15274208244409084img.png 1 0 0 160 40
pos/152725570352img.png 1 0 0 111 25
pos/15274068663776424img.png 1 0 0 165 40
pos/152725573884img.png 1 0 0 121 25
pos/152725574274img.png 1 0 0 112 22
pos/152725582264img.png 1 0 0 208 45
pos/152725588974img.png 1 0 0 222 45
pos/152725589485img.png 1 0 0 123 27
pos/152725574811img.png 1 0 0 158 42
pos/152725595883img.png 1 0 0 112 22
pos/1527422340333763img.png 1 0 0 160 40
pos/152725523689img.png 1 0 0 129 31
pos/15274313837778926img.png 1 0 0 255 52
pos/15274215869965286img.png 1 0 0 160 40
pos/152725592946img.png 1 0 0 221 45
pos/152725571507img.png 1 0 0 105 23
pos/152725584888img.png 1 0 0 126 23
pos/1527420328442497img.png 1 0 0 160 40
pos/152725595865img.png 1 0 0 114 30
pos/1527421132560945img.png 1 0 0 160 40
pos/15274219766183326img.png 1 0 0 160 40
pos/152725595292img.png 1 0 0 160 36
pos/15274146135086215img.png 1 0 0 170 35
pos/15274174770424263img.png 1 0 0 170 35
pos/15274256781756659img.png 1 0 0 165 37
pos/15274065678932695img.png 1 0 0 165 40
pos/152725588352img.png 1 0 0 159 33
pos/15274288006601925img.png 1 0 0 165 35
pos/15272557029img.png 1 0 0 163 32
pos/15274051257170396img.png 1 0 0 165 40
pos/15272559409img.png 1 0 0 114 23
pos/152725578246img.png 1 0 0 166 32
pos/15274225413516004img.png 1 0 0 160 40
pos/152725581059img.png 1 0 0 114 25
pos/152725589169img.png 1 0 0 118 25
pos/152725579274img.png 1 0 0 117 22
pos/1527416203170046img.png 1 0 0 170 35
pos/152725591265img.png 1 0 0 214 41
pos/15274221084191785img.png 1 0 0 160 40
pos/152725584747img.png 1 0 0 168 30
pos/15272559163img.png 1 0 0 116 23
pos/152725591795img.png 1 0 0 111 23
pos/152725578213img.png 1 0 0 122 25
pos/15274150512154741img.png 1 0 0 170 35
pos/152725576734img.png 1 0 0 223 39
pos/15274201395850823img.png 1 0 0 160 40
pos/152725523576img.png 1 0 0 153 32
pos/152725587251img.png 1 0 0 119 24
pos/152725589882img.png 1 0 0 115 26
pos/152725576894img.png 1 0 0 120 25
pos/152725573183img.png 1 0 0 164 37
pos/152725581465img.png 1 0 0 124 27
pos/15272552464img.png 1 0 0 124 26
pos/1527417434124901img.png 1 0 0 170 35
pos/15274256865138578img.png 1 0 0 165 37
pos/1527429638258477img.png 1 0 0 165 35
pos/15274290933921375img.png 1 0 0 165 35
pos/152725587483img.png 1 0 0 120 26
pos/152725570939img.png 1 0 0 168 31
pos/1527430260567589img.png 1 0 0 165 35
pos/152725583837img.png 1 0 0 221 46
pos/152725586794img.png 1 0 0 117 24
pos/152725525409img.png 1 0 0 156 37
pos/1527424963872587img.png 1 0 0 165 37
pos/1527430087183615img.png 1 0 0 165 35
pos/152725581573img.png 1 0 0 215 39
pos/15274206122452397img.png 1 0 0 160 40
pos/1527405866482693img.png 1 0 0 165 40
pos/15274292740868075img.png 1 0 0 165 35
pos/15274193125734804img.png 1 0 0 160 40
pos/15274315866074927img.png 1 0 0 255 52
pos/15274066023096244img.png 1 0 0 165 40
pos/152725584215img.png 1 0 0 112 24
pos/1527420743812607img.png 1 0 0 160 40
pos/152725585798img.png 1 0 0 123 24
pos/152725577791img.png 1 0 0 115 24
pos/152725570199img.png 1 0 0 163 32
pos/15274077001304832img.png 1 0 0 165 40
pos/15274063843284419img.png 1 0 0 165 40
pos/15274078844799116img.png 1 0 0 165 40
pos/152725594807img.png 1 0 0 167 34
pos/1527408533269964img.png 1 0 0 165 40
pos/15274266220055163img.png 1 0 0 245 50
pos/152725596083img.png 1 0 0 167 33
pos/15274226195193133img.png 1 0 0 160 40
pos/15274293194009466img.png 1 0 0 165 35
pos/15274315725741258img.png 1 0 0 255 52
pos/152725576657img.png 1 0 0 122 25
pos/152725525463img.png 1 0 0 171 36
pos/152725576862img.png 1 0 0 163 35
pos/152725577326img.png 1 0 0 213 41
pos/1527420395765481img.png 1 0 0 160 40
pos/1527416009107406img.png 1 0 0 170 35
pos/1527407325332721img.png 1 0 0 165 40
pos/152725577438img.png 1 0 0 112 28
pos/1527422286062219img.png 1 0 0 160 40
pos/15274317737172282img.png 1 0 0 255 52
pos/15272559065img.png 1 0 0 115 30
pos/15274254851300693img.png 1 0 0 165 37
pos/152725586532img.png 1 0 0 120 25
pos/1527417305180602img.png 1 0 0 170 35
pos/152725592614img.png 1 0 0 143 35
pos/152725570596img.png 1 0 0 145 31
pos/152725570799img.png 1 0 0 116 25
pos/152725579259img.png 1 0 0 112 24
pos/15274221911356974img.png 1 0 0 160 40
pos/15272557492img.png 1 0 0 118 23
pos/152725594559img.png 1 0 0 118 27
pos/15274083949535964img.png 1 0 0 165 40
pos/15274250447530797img.png 1 0 0 165 37
pos/1527407142105508img.png 1 0 0 165 40
pos/15274055014958777img.png 1 0 0 165 40
pos/15274302719866266img.png 1 0 0 165 35
pos/15274059929895132img.png 1 0 0 165 40
pos/152725577053img.png 1 0 0 114 28
pos/15274302832540739img.png 1 0 0 165 35
pos/15274296843996413img.png 1 0 0 165 35
pos/15274172194663014img.png 1 0 0 170 35
pos/152725525164img.png 1 0 0 162 32
pos/15274208504949906img.png 1 0 0 160 40
pos/15274084064150236img.png 1 0 0 165 40
pos/152725586596img.png 1 0 0 118 26
pos/15274204886448596img.png 1 0 0 160 40
pos/15274317502243419img.png 1 0 0 255 52
pos/15274210778878903img.png 1 0 0 160 40
pos/152725582156img.png 1 0 0 121 23
pos/15272559062img.png 1 0 0 161 35
pos/152725571674img.png 1 0 0 112 24
pos/152725523863img.png 1 0 0 155 32
pos/152725589228img.png 1 0 0 112 28
pos/152725524945img.png 1 0 0 133 25
pos/152725571092img.png 1 0 0 120 25
pos/152725573439img.png 1 0 0 163 35
pos/1527424996791636img.png 1 0 0 165 37
pos/15274193521793156img.png 1 0 0 160 40
pos/15274204088505085img.png 1 0 0 160 40
pos/15274075882352767img.png 1 0 0 165 40
pos/15274135388349218img.png 1 0 0 170 35
pos/152725523721img.png 1 0 0 113 21
pos/15274283341929817img.png 1 0 0 165 35
pos/15274206917992501img.png 1 0 0 160 40
pos/15274064531130676img.png 1 0 0 165 40
pos/152725578556img.png 1 0 0 124 23
pos/15274197798438706img.png 1 0 0 160 40
pos/15274281976972678img.png 1 0 0 165 35
pos/15274193390840847img.png 1 0 0 160 40
pos/15274170675603774img.png 1 0 0 170 35
pos/15274264030022047img.png 1 0 0 245 50
pos/15274144628226955img.png 1 0 0 170 35
pos/152725575546img.png 1 0 0 161 37
pos/152725524243img.png 1 0 0 137 30
pos/152725587212img.png 1 0 0 120 22
pos/15274268293570764img.png 1 0 0 245 50
pos/15272559632img.png 1 0 0 158 33
pos/152725577145img.png 1 0 0 117 27
pos/1527422069128156img.png 1 0 0 160 40
pos/15274315526398587img.png 1 0 0 255 52
pos/15272558518img.png 1 0 0 111 25
pos/152725581315img.png 1 0 0 120 22
pos/152725583204img.png 1 0 0 159 31
pos/15274271110442102img.png 1 0 0 245 50
pos/15274136248764443img.png 1 0 0 170 35
pos/152725575466img.png 1 0 0 118 26
pos/15272558715img.png 1 0 0 121 24
pos/1527405411103725img.png 1 0 0 165 40
pos/15274283914296846img.png 1 0 0 165 35
pos/152725591522img.png 1 0 0 163 35
pos/152725524904img.png 1 0 0 181 41
pos/15274072796063886img.png 1 0 0 165 40
pos/152725583817img.png 1 0 0 110 24
pos/15274062003628726img.png 1 0 0 165 40
pos/152725571136img.png 1 0 0 115 20
pos/152725524516img.png 1 0 0 155 39
pos/15274171330439775img.png 1 0 0 170 35
pos/15274161816424918img.png 1 0 0 170 35
pos/152725571002img.png 1 0 0 216 43
pos/152725577564img.png 1 0 0 118 26
pos/15274302145950165img.png 1 0 0 165 35
pos/15274077454368448img.png 1 0 0 165 40
pos/1527407599544555img.png 1 0 0 165 40
pos/15274278088820956img.png 1 0 0 165 35
pos/152725573717img.png 1 0 0 159 36
pos/15274248594906187img.png 1 0 0 165 37
pos/1527430179952609img.png 1 0 0 165 35
pos/152725570641img.png 1 0 0 117 24
pos/152725589633img.png 1 0 0 222 45
pos/1527431765495359img.png 1 0 0 255 52
pos/15272559612img.png 1 0 0 214 48
pos/1527431579765877img.png 1 0 0 255 52
pos/152725590665img.png 1 0 0 125 26
pos/15274073024256186img.png 1 0 0 165 40
pos/152725584652img.png 1 0 0 109 24
pos/152725524494img.png 1 0 0 163 35
pos/15274205431206021img.png 1 0 0 160 40
pos/152725594107img.png 1 0 0 168 30
pos/152725575624img.png 1 0 0 117 24
pos/152725595788img.png 1 0 0 119 28
pos/15274283799472284img.png 1 0 0 165 35
pos/152725594877img.png 1 0 0 124 28
pos/152725573302img.png 1 0 0 118 25
pos/152725581392img.png 1 0 0 227 40
pos/15274215994620965img.png 1 0 0 160 40
pos/15274158335054986img.png 1 0 0 170 35
pos/152725586733img.png 1 0 0 116 24
pos/15272559165img.png 1 0 0 163 36
pos/152725582013img.png 1 0 0 210 43
pos/152725580711img.png 1 0 0 111 24
pos/152725570977img.png 1 0 0 159 30
pos/1527406292208713img.png 1 0 0 165 40
pos/15274304208599002img.png 1 0 0 165 35
pos/152725524799img.png 1 0 0 111 25
pos/15274201788736167img.png 1 0 0 160 40
pos/15274254533449461img.png 1 0 0 165 37
pos/15274080703427155img.png 1 0 0 165 40
pos/152725592582img.png 1 0 0 172 37
pos/1527425397760614img.png 1 0 0 165 37
pos/15274077339787326img.png 1 0 0 165 40
pos/152725586957img.png 1 0 0 212 47
pos/15274289348230548img.png 1 0 0 165 35
pos/152725582721img.png 1 0 0 117 29
pos/15274248723474586img.png 1 0 0 165 37
pos/15274300642034416img.png 1 0 0 165 35
pos/152725580312img.png 1 0 0 118 23
pos/15272558269img.png 1 0 0 172 35
pos/152725525013img.png 1 0 0 156 29
pos/152725588211img.png 1 0 0 162 32
pos/15274314189959617img.png 1 0 0 255 52
pos/152725573383img.png 1 0 0 224 48
pos/15274051826620977img.png 1 0 0 165 40
pos/152725573286img.png 1 0 0 125 30
pos/1527405809892599img.png 1 0 0 165 40
pos/15274152050314424img.png 1 0 0 170 35
pos/15274065335642507img.png 1 0 0 165 40
pos/15274075542960367img.png 1 0 0 165 40
pos/15274078264218616img.png 1 0 0 165 40
pos/152725576563img.png 1 0 0 127 26
pos/1527408232335451img.png 1 0 0 165 40
pos/15274175631774712img.png 1 0 0 170 35
pos/15274073710875459img.png 1 0 0 165 40
pos/15274199512455616img.png 1 0 0 160 40
pos/15274305938007011img.png 1 0 0 165 35
pos/152725592749img.png 1 0 0 120 25
pos/152725585671img.png 1 0 0 110 21
pos/152725572889img.png 1 0 0 218 43
pos/152725583385img.png 1 0 0 165 37
pos/152725522618img.png 1 0 0 138 31
pos/15274266465978847img.png 1 0 0 245 50
pos/152725593819img.png 1 0 0 219 40
pos/15274251165610728img.png 1 0 0 165 37
pos/152725580281img.png 1 0 0 165 35
pos/15274276952105625img.png 1 0 0 165 35
pos/15274221227182453img.png 1 0 0 160 40
pos/152725590493img.png 1 0 0 115 26
pos/152725586824img.png 1 0 0 122 24
pos/1527425212488552img.png 1 0 0 165 37
pos/152725580051img.png 1 0 0 122 28
pos/152725575498img.png 1 0 0 226 46
pos/152725591048img.png 1 0 0 120 27
pos/1527425525102773img.png 1 0 0 165 37
pos/152725587349img.png 1 0 0 162 28
pos/15274152710868726img.png 1 0 0 170 35
pos/152725588367img.png 1 0 0 116 25
pos/152725584545img.png 1 0 0 120 28
pos/152725586938img.png 1 0 0 119 28
pos/152725577877img.png 1 0 0 218 46
pos/15274155513799078img.png 1 0 0 170 35
pos/152725573814img.png 1 0 0 121 27
pos/152725570304img.png 1 0 0 140 30
pos/152725577099img.png 1 0 0 172 40
pos/152725570657img.png 1 0 0 110 26
pos/15274268786933413img.png 1 0 0 245 50
pos/152725573001img.png 1 0 0 117 24
pos/152725586202img.png 1 0 0 106 26
pos/152725574084img.png 1 0 0 116 21
pos/15274171112894979img.png 1 0 0 170 35
pos/152725524715img.png 1 0 0 157 32
pos/15272559263img.png 1 0 0 116 25
pos/15274084639541647img.png 1 0 0 165 40
pos/152742981111773img.png 1 0 0 165 35
pos/15274075430891728img.png 1 0 0 165 40
pos/15272559484img.png 1 0 0 214 43
pos/152725585864img.png 1 0 0 159 34
pos/15274162461822503img.png 1 0 0 170 35
pos/15274192344635227img.png 1 0 0 160 40
pos/152725593024img.png 1 0 0 122 27
pos/15274053768083034img.png 1 0 0 165 40
pos/152725573608img.png 1 0 0 117 24
pos/15274264625019903img.png 1 0 0 245 50
pos/15274160309491196img.png 1 0 0 170 35
pos/1527422365794076img.png 1 0 0 160 40
pos/152725589748img.png 1 0 0 218 36
pos/152725572939img.png 1 0 0 120 29
pos/152725577468img.png 1 0 0 165 33
pos/152725583524img.png 1 0 0 119 25
pos/15274252296062403img.png 1 0 0 165 37
pos/15274066943989968img.png 1 0 0 165 40
pos/15274140543582618img.png 1 0 0 170 35
pos/152725588336img.png 1 0 0 115 25
pos/1527427946378353img.png 1 0 0 165 35
pos/1527404999815838img.png 1 0 0 165 40
pos/152725578479img.png 1 0 0 166 37
pos/152725582532img.png 1 0 0 141 30
pos/15274256129938314img.png 1 0 0 165 37
pos/15274082673355637img.png 1 0 0 165 40
pos/152725577387img.png 1 0 0 114 27
pos/152725579416img.png 1 0 0 164 33
pos/152725583027img.png 1 0 0 120 24
pos/15274209723003514img.png 1 0 0 160 40
pos/15274064989601579img.png 1 0 0 165 40
pos/152725570816img.png 1 0 0 163 33
pos/15274253728189783img.png 1 0 0 165 37
pos/15274177785782666img.png 1 0 0 170 35
pos/152725523045img.png 1 0 0 163 35
pos/152725584945img.png 1 0 0 159 37
pos/15274070266322525img.png 1 0 0 165 40
pos/1527405650227492img.png 1 0 0 165 40
pos/15274172623552651img.png 1 0 0 170 35
pos/152725592274img.png 1 0 0 224 44
pos/1527424145054575img.png 1 0 0 160 40
pos/152725592684img.png 1 0 0 140 29
pos/15274065103777986img.png 1 0 0 165 40
pos/15274214530491118img.png 1 0 0 160 40
pos/1527426572958053img.png 1 0 0 245 50
pos/152725580832img.png 1 0 0 162 33
pos/1527428823093274img.png 1 0 0 165 35
pos/15274085100955713img.png 1 0 0 165 40
pos/1527420784260899img.png 1 0 0 160 40
pos/15274150950859952img.png 1 0 0 170 35
pos/1527415444085908img.png 1 0 0 170 35
pos/152725572225img.png 1 0 0 220 44
pos/15274270624709513img.png 1 0 0 245 50
pos/15274286184739869img.png 1 0 0 165 35
pos/15274292967279046img.png 1 0 0 165 35
pos/152725592092img.png 1 0 0 222 47
pos/15272559415img.png 1 0 0 121 22
pos/152725586032img.png 1 0 0 114 25
pos/15274202329631991img.png 1 0 0 160 40
pos/152725574014img.png 1 0 0 111 25
pos/152725571476img.png 1 0 0 167 34
pos/152725523375img.png 1 0 0 144 34
pos/152725570447img.png 1 0 0 118 23
pos/15274055815272462img.png 1 0 0 165 40
pos/1527422205263101img.png 1 0 0 160 40
pos/152725588542img.png 1 0 0 165 36
pos/152725588447img.png 1 0 0 161 36
pos/152725573086img.png 1 0 0 108 25
pos/152725589457img.png 1 0 0 165 29
pos/15274159873063767img.png 1 0 0 170 35
pos/152725595069img.png 1 0 0 163 32
pos/15274249119373355img.png 1 0 0 165 37
pos/152725593737img.png 1 0 0 163 30
pos/1527419766506302img.png 1 0 0 160 40
pos/152725595512img.png 1 0 0 120 27
pos/15272559440img.png 1 0 0 166 37
pos/15274224747806027img.png 1 0 0 160 40
pos/1527425156501076img.png 1 0 0 165 37
pos/1527429776713228img.png 1 0 0 165 35
pos/152725586084img.png 1 0 0 217 47
pos/152725573015img.png 1 0 0 159 37
pos/15274059124225664img.png 1 0 0 165 40
pos/15274145704692183img.png 1 0 0 170 35
pos/1527407095998379img.png 1 0 0 165 40
pos/15272558447img.png 1 0 0 108 23
pos/152725585388img.png 1 0 0 163 30
pos/152725579137img.png 1 0 0 218 43
pos/15274206638887546img.png 1 0 0 160 40
pos/152725586266img.png 1 0 0 161 35
pos/15274060506959536img.png 1 0 0 165 40
pos/152725580184img.png 1 0 0 124 26
pos/15274172409000306img.png 1 0 0 170 35
pos/15274178000183475img.png 1 0 0 170 35
pos/152725580245img.png 1 0 0 116 25
pos/15274207707768512img.png 1 0 0 160 40
pos/15274313908769875img.png 1 0 0 255 52
pos/152725578113img.png 1 0 0 118 28
pos/15274074973440979img.png 1 0 0 165 40
pos/15274305471040027img.png 1 0 0 165 35
pos/152725571807img.png 1 0 0 214 47
pos/152725586279img.png 1 0 0 115 25
pos/1527417735603982img.png 1 0 0 170 35
pos/15272557823img.png 1 0 0 161 35
pos/152725524815img.png 1 0 0 149 33
pos/152725571346img.png 1 0 0 105 27
pos/15274314858916323img.png 1 0 0 255 52
pos/15274299718465395img.png 1 0 0 165 35
pos/152725524193img.png 1 0 0 167 34
pos/152725571381img.png 1 0 0 119 23
pos/152725525126img.png 1 0 0 142 29
pos/15274192599537463img.png 1 0 0 160 40
pos/152725573797img.png 1 0 0 115 22
pos/152725588572img.png 1 0 0 165 33
pos/152725524837img.png 1 0 0 150 38
pos/15274205706646733img.png 1 0 0 160 40
pos/152725590221img.png 1 0 0 213 43
pos/152725593579img.png 1 0 0 220 47
pos/15274304553936706img.png 1 0 0 165 35
pos/15274253805918486img.png 1 0 0 165 37
pos/152725583932img.png 1 0 0 114 28
pos/152725525652img.png 1 0 0 163 34
pos/15274211601368654img.png 1 0 0 160 40
pos/15274298683492432img.png 1 0 0 165 35
pos/15274317197646658img.png 1 0 0 255 52
pos/15274055243394072img.png 1 0 0 165 40
pos/15272559096img.png 1 0 0 116 23
pos/15274284828892646img.png 1 0 0 165 35
pos/15274200723332648img.png 1 0 0 160 40
pos/152725522629img.png 1 0 0 108 27
pos/1527413904125635img.png 1 0 0 170 35
pos/15274057075805655img.png 1 0 0 165 40
pos/1527421051329899img.png 1 0 0 160 40
pos/15272557836img.png 1 0 0 118 31
pos/152725575075img.png 1 0 0 114 27
pos/15274053654202158img.png 1 0 0 165 40
pos/15272558876img.png 1 0 0 163 35
pos/152725578182img.png 1 0 0 117 23
pos/15274170238829112img.png 1 0 0 170 35
pos/152725523415img.png 1 0 0 160 33
pos/152725570876img.png 1 0 0 154 32
pos/152725583225img.png 1 0 0 218 42
pos/152725580018img.png 1 0 0 162 38
pos/152725585022img.png 1 0 0 115 23
pos/15274079076894736img.png 1 0 0 165 40
pos/1527428946093893img.png 1 0 0 165 35
pos/15274253405015495img.png 1 0 0 165 37
pos/15274143117641213img.png 1 0 0 170 35
pos/15272559278img.png 1 0 0 168 31
pos/152725574716img.png 1 0 0 168 35
pos/1527426295977754img.png 1 0 0 245 50
pos/152725578867img.png 1 0 0 117 26
pos/152725583404img.png 1 0 0 164 30
pos/15274278663143227img.png 1 0 0 165 35
pos/152725576136img.png 1 0 0 218 44
pos/15272558081img.png 1 0 0 221 45
pos/15274083256312766img.png 1 0 0 165 40
pos/152725585147img.png 1 0 0 156 29
pos/152725523328img.png 1 0 0 160 33
pos/152725524865img.png 1 0 0 96 28
pos/152725589822img.png 1 0 0 118 23
pos/15274289573247828img.png 1 0 0 165 35
pos/152725585093img.png 1 0 0 157 30
pos/15274291384595115img.png 1 0 0 165 35
pos/15272552561img.png 1 0 0 157 35
pos/15272557043img.png 1 0 0 167 35
pos/152725523305img.png 1 0 0 159 29
pos/15274074401604748img.png 1 0 0 165 40
pos/1527425348776907img.png 1 0 0 165 37
pos/15274193649773092img.png 1 0 0 160 40
pos/152725590305img.png 1 0 0 108 28
pos/15274051028177652img.png 1 0 0 165 40
pos/15274061427415829img.png 1 0 0 165 40
pos/15274202998417609img.png 1 0 0 160 40
pos/15274086255811841img.png 1 0 0 165 40
pos/152725589044img.png 1 0 0 162 35
pos/152725574628img.png 1 0 0 230 44
pos/15274271232287128img.png 1 0 0 245 50
pos/15274263201686482img.png 1 0 0 245 50
pos/152725571292img.png 1 0 0 115 25
pos/15274307185504966img.png 1 0 0 165 35
pos/15274210911357527img.png 1 0 0 160 40
pos/15274285279815843img.png 1 0 0 165 35
pos/15274064184784825img.png 1 0 0 165 40
pos/152725525906img.png 1 0 0 113 25
pos/15274081401366675img.png 1 0 0 165 40
pos/152725593649img.png 1 0 0 224 40
pos/15274070844498646img.png 1 0 0 165 40
pos/152725572189img.png 1 0 0 119 25
pos/15274076218977025img.png 1 0 0 165 40
pos/152725572543img.png 1 0 0 210 51
pos/15274315326851263img.png 1 0 0 255 52
pos/15274306393823159img.png 1 0 0 165 35
pos/15274072450539443img.png 1 0 0 165 40
pos/152725586186img.png 1 0 0 159 32
pos/152725526032img.png 1 0 0 155 33
pos/15274085448021162img.png 1 0 0 165 40
pos/152725592422img.png 1 0 0 162 31
pos/15274279005413249img.png 1 0 0 165 35
pos/15272557691img.png 1 0 0 125 26
pos/152725523819img.png 1 0 0 158 32
pos/152725575336img.png 1 0 0 117 21
pos/152725581187img.png 1 0 0 126 27
pos/152725571644img.png 1 0 0 167 35
pos/15274241071490214img.png 1 0 0 160 40
pos/152725579819img.png 1 0 0 119 24
pos/152725582303img.png 1 0 0 119 24
pos/152725571462img.png 1 0 0 169 34
pos/152725580131img.png 1 0 0 114 23
pos/15274266097555063img.png 1 0 0 245 50
pos/15274173695181444img.png 1 0 0 170 35
pos/152725592177img.png 1 0 0 113 24
pos/152725585562img.png 1 0 0 110 24
pos/152725587025img.png 1 0 0 215 41
pos/152725591189img.png 1 0 0 114 28
pos/15274078380693064img.png 1 0 0 165 40
pos/152725522721img.png 1 0 0 153 31
pos/152725526577img.png 1 0 0 140 32
pos/152725580605img.png 1 0 0 162 36
pos/152725591984img.png 1 0 0 120 26
pos/1527429490088834img.png 1 0 0 165 35
pos/152725594276img.png 1 0 0 154 30
pos/152725589895img.png 1 0 0 128 21
pos/1527408579354069img.png 1 0 0 165 40
pos/152725571555img.png 1 0 0 119 29
pos/15274051486727266img.png 1 0 0 165 40
pos/15274154870638275img.png 1 0 0 170 35
pos/1527428300169712img.png 1 0 0 165 35
pos/152725588707img.png 1 0 0 230 38
pos/15274163965074959img.png 1 0 0 170 35
pos/15274314051482244img.png 1 0 0 255 52
pos/15274148304501536img.png 1 0 0 170 35
pos/15274250609010577img.png 1 0 0 165 37
pos/15274306959517894img.png 1 0 0 165 35
pos/15274208914609506img.png 1 0 0 160 40
pos/152725522644img.png 1 0 0 160 34
pos/15274083833765101img.png 1 0 0 165 40
pos/15274074285857868img.png 1 0 0 165 40
pos/15274196964579022img.png 1 0 0 160 40
pos/1527416074371604img.png 1 0 0 170 35
pos/152725571399img.png 1 0 0 117 21
pos/15274076441641893img.png 1 0 0 165 40
pos/152725577826img.png 1 0 0 217 39
pos/152740615431406img.png 1 0 0 165 40
pos/15274218405505266img.png 1 0 0 160 40
pos/15274315058050718img.png 1 0 0 255 52
pos/15274279693119836img.png 1 0 0 165 35
pos/15274071879310024img.png 1 0 0 165 40
pos/1527407791483374img.png 1 0 0 165 40
pos/15274269642446709img.png 1 0 0 245 50
pos/15274295357653475img.png 1 0 0 165 35
pos/15274060968405573img.png 1 0 0 165 40
pos/152725595204img.png 1 0 0 121 24
pos/15274216390656543img.png 1 0 0 160 40
pos/15274168517608807img.png 1 0 0 170 35
pos/152725585222img.png 1 0 0 159 35
pos/152725573918img.png 1 0 0 115 24
pos/152725572744img.png 1 0 0 211 52
pos/15274295243689947img.png 1 0 0 165 35
pos/1527425364708715img.png 1 0 0 165 37
pos/1527426745216493img.png 1 0 0 245 50
pos/152725580979img.png 1 0 0 119 31
pos/1527405194026044img.png 1 0 0 165 40
pos/152725573456img.png 1 0 0 117 30
pos/152725583678img.png 1 0 0 121 26
pos/152725593704img.png 1 0 0 117 25
pos/152725594365img.png 1 0 0 120 26
pos/15274149844799736img.png 1 0 0 170 35
pos/1527428720908552img.png 1 0 0 165 35
pos/15272559600img.png 1 0 0 174 39
pos/152725570921img.png 1 0 0 171 34
pos/152725571695img.png 1 0 0 120 24
pos/152725595961img.png 1 0 0 218 43
pos/152725524986img.png 1 0 0 157 35
pos/152725592323img.png 1 0 0 160 32
pos/15274166581014977img.png 1 0 0 170 35
pos/15274194166435726img.png 1 0 0 160 40
pos/1527428924054817img.png 1 0 0 165 35
pos/152725579836img.png 1 0 0 120 26
pos/15274155084870062img.png 1 0 0 170 35
pos/152725586106img.png 1 0 0 115 26
pos/152725522685img.png 1 0 0 105 22
pos/152725572649img.png 1 0 0 120 27
pos/152725575422img.png 1 0 0 122 27
pos/15274068090553021img.png 1 0 0 165 40
pos/152725593512img.png 1 0 0 113 23
pos/152725526431img.png 1 0 0 163 33
pos/15274064070950267img.png 1 0 0 165 40
pos/152725574426img.png 1 0 0 115 24
pos/1527429592698482img.png 1 0 0 165 35
pos/152725577114img.png 1 0 0 148 38
pos/152725575697img.png 1 0 0 114 26
pos/152725571522img.png 1 0 0 160 31
pos/15274168946366193img.png 1 0 0 170 35
pos/152725579347img.png 1 0 0 112 27
pos/15274199920855246img.png 1 0 0 160 40
pos/15274215733209436img.png 1 0 0 160 40
pos/152725588997img.png 1 0 0 162 33
pos/152725522879img.png 1 0 0 157 34
pos/152725523107img.png 1 0 0 161 31
pos/152725526352img.png 1 0 0 225 51
pos/15274224471926734img.png 1 0 0 160 40
pos/152725589132img.png 1 0 0 215 45
pos/152725595685img.png 1 0 0 113 22
pos/15274164615966487img.png 1 0 0 170 35
pos/152725573586img.png 1 0 0 218 38
pos/152725594419img.png 1 0 0 166 35
pos/152725580769img.png 1 0 0 222 36
pos/152725583771img.png 1 0 0 116 23
pos/15274050798909044img.png 1 0 0 165 40
pos/152725577219img.png 1 0 0 221 39
pos/15274068892140243img.png 1 0 0 165 40
pos/152725523518img.png 1 0 0 150 35
pos/152725573149img.png 1 0 0 166 37
pos/15274313768558574img.png 1 0 0 255 52
pos/15274218549702177img.png 1 0 0 160 40
pos/1527428584433086img.png 1 0 0 165 35
pos/152725576042img.png 1 0 0 116 27
pos/1527405661666889img.png 1 0 0 165 40
pos/152725526401img.png 1 0 0 156 34
pos/152725581242img.png 1 0 0 214 43
pos/152725594591img.png 1 0 0 116 25
pos/152725525991img.png 1 0 0 115 25
pos/152725573687img.png 1 0 0 212 39
pos/152725524355img.png 1 0 0 205 44
pos/1527428311509874img.png 1 0 0 165 35
pos/15274064299459524img.png 1 0 0 165 40
pos/1527425252964515img.png 1 0 0 165 37
pos/15274251719807801img.png 1 0 0 165 37
pos/15274196695993905img.png 1 0 0 160 40
pos/15274296613996112img.png 1 0 0 165 35
pos/1527426720567978img.png 1 0 0 245 50
pos/152725578532img.png 1 0 0 174 39
pos/1527414182959264img.png 1 0 0 170 35
pos/152725591844img.png 1 0 0 118 27
pos/152725587638img.png 1 0 0 227 44
pos/15272559230img.png 1 0 0 214 46
pos/152725591699img.png 1 0 0 117 24
pos/152725576089img.png 1 0 0 161 32
pos/152725580434img.png 1 0 0 111 27
pos/1527407291014678img.png 1 0 0 165 40
pos/15274074515009491img.png 1 0 0 165 40
pos/15274076330426853img.png 1 0 0 165 40
pos/15274282545632272img.png 1 0 0 165 35
pos/152725578262img.png 1 0 0 165 34
pos/152725583317img.png 1 0 0 116 24
pos/152725571155img.png 1 0 0 114 22
pos/152725572173img.png 1 0 0 121 24
pos/15274301102596083img.png 1 0 0 165 35
pos/1527414962244832img.png 1 0 0 170 35
pos/152725588098img.png 1 0 0 160 30
pos/15274285392261708img.png 1 0 0 165 35
pos/152725570831img.png 1 0 0 166 33
pos/15274221641510046img.png 1 0 0 160 40
pos/152725591117img.png 1 0 0 119 24
pos/152725583461img.png 1 0 0 123 23
pos/1527429205928857img.png 1 0 0 165 35
pos/15274076665429046img.png 1 0 0 165 40
pos/152725593224img.png 1 0 0 159 35
pos/152725526527img.png 1 0 0 154 35
pos/15274316300752208img.png 1 0 0 255 52
pos/15274194679786117img.png 1 0 0 160 40
pos/1527430752655085img.png 1 0 0 165 35
pos/15274241196626754img.png 1 0 0 160 40
pos/152725588914img.png 1 0 0 220 44
pos/1527427001326841img.png 1 0 0 245 50
pos/152725524166img.png 1 0 0 134 30
pos/152725596201img.png 1 0 0 108 23
pos/152725584506img.png 1 0 0 217 43
pos/152725524428img.png 1 0 0 165 33
pos/152725581605img.png 1 0 0 154 28
pos/15274056845366366img.png 1 0 0 165 40
pos/152725578671img.png 1 0 0 111 23
pos/152725590354img.png 1 0 0 157 34
pos/15274253002284348img.png 1 0 0 165 37
pos/152725524738img.png 1 0 0 159 37
pos/15274212159962223img.png 1 0 0 160 40
pos/152725582092img.png 1 0 0 115 27
pos/15274225803548677img.png 1 0 0 160 40
pos/152725525553img.png 1 0 0 165 33
pos/15274061198021758img.png 1 0 0 165 40
pos/15274054450989668img.png 1 0 0 165 40
pos/15274316652897973img.png 1 0 0 255 52
pos/152725586718img.png 1 0 0 110 28
pos/1527405981481172img.png 1 0 0 165 40
pos/15274215455021324img.png 1 0 0 160 40
pos/152725523064img.png 1 0 0 170 28
pos/15274083371856818img.png 1 0 0 165 40
pos/15274200055364666img.png 1 0 0 160 40
pos/152725578829img.png 1 0 0 141 29
pos/15272557440img.png 1 0 0 169 36
pos/15274168732320354img.png 1 0 0 170 35
pos/15274154656091533img.png 1 0 0 170 35
pos/152725524375img.png 1 0 0 108 27
pos/152725594643img.png 1 0 0 216 41
pos/15274136676346576img.png 1 0 0 170 35
pos/152725573233img.png 1 0 0 120 26
pos/152725576941img.png 1 0 0 146 29
pos/15274256698784885img.png 1 0 0 165 37
pos/15274280948586607img.png 1 0 0 165 35
pos/152725524572img.png 1 0 0 112 23
pos/15274203687453372img.png 1 0 0 160 40
pos/1527416138832617img.png 1 0 0 170 35
pos/15274290137201586img.png 1 0 0 165 35
pos/1527431623932909img.png 1 0 0 255 52
pos/152725591965img.png 1 0 0 124 30
pos/15274285166564298img.png 1 0 0 165 35
pos/15272557312img.png 1 0 0 124 29
pos/15274317582788856img.png 1 0 0 255 52
pos/15274293534109967img.png 1 0 0 165 35
pos/15274057871280222img.png 1 0 0 165 40
pos/15274208782041492img.png 1 0 0 160 40
pos/152725525973img.png 1 0 0 153 37
pos/1527421336045262img.png 1 0 0 160 40
pos/1527431466359189img.png 1 0 0 255 52
pos/15274170022275863img.png 1 0 0 170 35
pos/15272559137img.png 1 0 0 213 40
pos/15274315258452315img.png 1 0 0 255 52
pos/152725571538img.png 1 0 0 114 23
pos/1527420218794353img.png 1 0 0 160 40
pos/152725571078img.png 1 0 0 165 34
pos/152725578375img.png 1 0 0 127 24
pos/152725573538img.png 1 0 0 159 31
pos/15274291047580318img.png 1 0 0 165 35
pos/152725573362img.png 1 0 0 164 30
pos/15274163749222167img.png 1 0 0 170 35
pos/15274277065174456img.png 1 0 0 165 35
pos/15274265483611665img.png 1 0 0 245 50
pos/15274085563016284img.png 1 0 0 165 40
pos/1527406349777468img.png 1 0 0 165 40
pos/152725592532img.png 1 0 0 169 35
pos/152725574867img.png 1 0 0 216 41
pos/152725577129img.png 1 0 0 165 37
pos/1527422380148246img.png 1 0 0 160 40
pos/15274252607713387img.png 1 0 0 165 37
pos/15274069805684211img.png 1 0 0 165 40
pos/15274279920184991img.png 1 0 0 165 35
pos/1527407463025387img.png 1 0 0 165 40
pos/152725577914img.png 1 0 0 115 21
pos/1527408082010832img.png 1 0 0 165 40
pos/152725590338img.png 1 0 0 153 34
pos/15274297996480896img.png 1 0 0 165 35
pos/15274220020453334img.png 1 0 0 160 40
pos/152725572032img.png 1 0 0 119 24
pos/15274060045594025img.png 1 0 0 165 40
pos/152725589027img.png 1 0 0 119 27
pos/1527427086629289img.png 1 0 0 245 50
pos/15274164180412333img.png 1 0 0 170 35
pos/15272558572img.png 1 0 0 209 40
pos/15274053425835786img.png 1 0 0 165 40
pos/15274173912076435img.png 1 0 0 170 35
pos/152725581734img.png 1 0 0 126 29
pos/15274286300305452img.png 1 0 0 165 35
pos/15274306051782992img.png 1 0 0 165 35
pos/15274223126561015img.png 1 0 0 160 40
pos/1527413775094454img.png 1 0 0 170 35
pos/15274284144466758img.png 1 0 0 165 35
pos/1527407989013061img.png 1 0 0 165 40
pos/15274225675257266img.png 1 0 0 160 40
pos/15274079657674255img.png 1 0 0 165 40
pos/15274202852739546img.png 1 0 0 160 40
pos/15274067632129924img.png 1 0 0 165 40
pos/15274217727003276img.png 1 0 0 160 40
pos/152725596046img.png 1 0 0 218 46
pos/15274200986942499img.png 1 0 0 160 40
pos/15274050570879848img.png 1 0 0 165 40
pos/1527416571255576img.png 1 0 0 170 35
pos/152725573623img.png 1 0 0 134 32
pos/152725593101img.png 1 0 0 159 36
pos/152725595733img.png 1 0 0 124 23
pos/15274284371843562img.png 1 0 0 165 35
pos/1527427717799094img.png 1 0 0 165 35
pos/152725595105img.png 1 0 0 231 43
pos/15274058551570213img.png 1 0 0 165 40
pos/152725591714img.png 1 0 0 119 23
pos/152725591827img.png 1 0 0 165 36
pos/152725592212img.png 1 0 0 165 31
pos/15274078496785495img.png 1 0 0 165 40
pos/15274263798528373img.png 1 0 0 245 50
pos/15274256942225122img.png 1 0 0 165 37
pos/152725586171img.png 1 0 0 122 30
pos/152725575268img.png 1 0 0 125 26
pos/152725582443img.png 1 0 0 171 35
pos/152725583444img.png 1 0 0 169 35
pos/152725580295img.png 1 0 0 109 25
pos/152725524781img.png 1 0 0 147 40
pos/15274317119771488img.png 1 0 0 255 52
pos/152742987984399img.png 1 0 0 165 35
pos/15274268170437741img.png 1 0 0 245 50
pos/15274299603854437img.png 1 0 0 165 35
pos/152725574208img.png 1 0 0 113 27
pos/15274198326242485img.png 1 0 0 160 40
pos/152725594973img.png 1 0 0 116 27
pos/15274158554568093img.png 1 0 0 170 35
pos/152725584186img.png 1 0 0 160 30
pos/15272559307img.png 1 0 0 119 21
pos/152725587771img.png 1 0 0 167 35
pos/152725525337img.png 1 0 0 166 30
pos/15274201122686164img.png 1 0 0 160 40
pos/152725577286img.png 1 0 0 112 26
pos/152725570493img.png 1 0 0 164 33
pos/15274295699508116img.png 1 0 0 165 35
pos/152725576318img.png 1 0 0 214 41
pos/152725581095img.png 1 0 0 118 23
pos/152725524854img.png 1 0 0 143 30
pos/152725594683img.png 1 0 0 112 24
pos/152725586016img.png 1 0 0 118 24
pos/15274205019249675img.png 1 0 0 160 40
pos/15272557532img.png 1 0 0 159 34
pos/15274064874625762img.png 1 0 0 165 40
pos/15272557593img.png 1 0 0 120 33
pos/15274199378484986img.png 1 0 0 160 40
pos/15274267082720947img.png 1 0 0 245 50
pos/15274255883860438img.png 1 0 0 165 37
pos/15274198983754613img.png 1 0 0 160 40
pos/15274262719941936img.png 1 0 0 245 50
pos/15272558183img.png 1 0 0 107 24
pos/15274303863660212img.png 1 0 0 165 35
pos/152725587466img.png 1 0 0 162 35
pos/152725578965img.png 1 0 0 114 23
pos/1527415615948934img.png 1 0 0 170 35
pos/15274207569217815img.png 1 0 0 160 40
pos/152725526375img.png 1 0 0 172 34
pos/152725588322img.png 1 0 0 172 37
pos/152725579038img.png 1 0 0 150 32
pos/152725526646img.png 1 0 0 116 27
pos/152725525061img.png 1 0 0 159 32
pos/152725570742img.png 1 0 0 120 25
pos/152725594861img.png 1 0 0 119 26
pos/152725593287img.png 1 0 0 221 39
pos/15274193255355296img.png 1 0 0 160 40
pos/15274214139112778img.png 1 0 0 160 40
pos/1527428209107187img.png 1 0 0 165 35
pos/15274079308938048img.png 1 0 0 165 40
pos/15274054223942006img.png 1 0 0 165 40
pos/1527415314683604img.png 1 0 0 170 35
pos/152725591684img.png 1 0 0 120 25
pos/15274061312447808img.png 1 0 0 165 40
pos/152725584806img.png 1 0 0 118 25
pos/152725573067img.png 1 0 0 114 20
pos/15274303403829594img.png 1 0 0 165 35
pos/152725591245img.png 1 0 0 166 30
pos/152725595171img.png 1 0 0 166 34
pos/152725576926img.png 1 0 0 168 34
pos/15274209584449747img.png 1 0 0 160 40
pos/152725590914img.png 1 0 0 118 23
pos/152725572157img.png 1 0 0 119 23
pos/152725587006img.png 1 0 0 168 32
pos/1527416679579818img.png 1 0 0 170 35
pos/15274198854297836img.png 1 0 0 160 40
pos/15274081634091203img.png 1 0 0 165 40
pos/152725579085img.png 1 0 0 159 35
pos/152725592796img.png 1 0 0 116 26
pos/15274069465534253img.png 1 0 0 165 40
pos/1527405045646842img.png 1 0 0 165 40
pos/15274071189932473img.png 1 0 0 165 40
pos/152725582477img.png 1 0 0 119 24
pos/1527420125957529img.png 1 0 0 160 40
pos/1527425237734338img.png 1 0 0 165 37
pos/15274052169142923img.png 1 0 0 165 40
pos/15274192727128835img.png 1 0 0 160 40
pos/1527405615829481img.png 1 0 0 165 40
pos/152725576589img.png 1 0 0 169 32
pos/152725574239img.png 1 0 0 107 23
pos/15274172838035479img.png 1 0 0 170 35
pos/15274144412726896img.png 1 0 0 170 35
pos/15272557512img.png 1 0 0 118 27
pos/152725526251img.png 1 0 0 157 33
pos/152725571748img.png 1 0 0 121 23
pos/1527428912928053img.png 1 0 0 165 35
pos/152725592438img.png 1 0 0 160 33
pos/15274169807595823img.png 1 0 0 170 35
pos/152725591212img.png 1 0 0 116 26
pos/15274053540138357img.png 1 0 0 165 40
pos/152725582318img.png 1 0 0 110 23
pos/152725577242img.png 1 0 0 117 22
pos/152725526452img.png 1 0 0 157 29
pos/1527421064724576img.png 1 0 0 160 40
pos/15274157675994322img.png 1 0 0 170 35
pos/152725594029img.png 1 0 0 172 35
pos/152741420442023img.png 1 0 0 170 35
pos/152725525804img.png 1 0 0 164 36
pos/152725581769img.png 1 0 0 165 30
pos/152725572421img.png 1 0 0 167 34
pos/152725581718img.png 1 0 0 126 25
pos/152725570538img.png 1 0 0 156 35
pos/1527408313920901img.png 1 0 0 165 40
pos/152725590434img.png 1 0 0 118 24
pos/15274256536967175img.png 1 0 0 165 37
pos/152725583185img.png 1 0 0 160 38
pos/152725570891img.png 1 0 0 120 26
pos/152725572818img.png 1 0 0 162 33
pos/152725594736img.png 1 0 0 174 33
pos/152725570411img.png 1 0 0 115 22
pos/152725526505img.png 1 0 0 153 34
pos/152725522864img.png 1 0 0 113 30
pos/15274063612793643img.png 1 0 0 165 40
pos/15274280033751228img.png 1 0 0 165 35
pos/15274057986966166img.png 1 0 0 165 40
pos/152725572917img.png 1 0 0 215 43
pos/15274177570048277img.png 1 0 0 170 35
pos/15274296267286167img.png 1 0 0 165 35
pos/15274297423609447img.png 1 0 0 165 35
pos/152725589398img.png 1 0 0 109 26
pos/15274298454291637img.png 1 0 0 165 35
pos/15274077224298713img.png 1 0 0 165 40
pos/152725570522img.png 1 0 0 166 36
pos/15272557619img.png 1 0 0 217 44
pos/152725523457img.png 1 0 0 94 24
pos/152725578457img.png 1 0 0 231 49
pos/15274210387278094img.png 1 0 0 160 40
pos/152725596338img.png 1 0 0 111 25
pos/15272552343img.png 1 0 0 172 35
pos/15274301454584963img.png 1 0 0 165 35
pos/152725586064img.png 1 0 0 152 30
pos/15274306507226703img.png 1 0 0 165 35
pos/152725595715img.png 1 0 0 161 35
pos/152725576699img.png 1 0 0 121 21
pos/15274052741559079img.png 1 0 0 165 40
pos/1527415139001835img.png 1 0 0 170 35
pos/1527426732895338img.png 1 0 0 245 50
pos/15274266836740785img.png 1 0 0 245 50
pos/15272557478img.png 1 0 0 164 35
pos/152725523447img.png 1 0 0 114 24
pos/15272559558img.png 1 0 0 118 27
pos/15274254288242962img.png 1 0 0 165 37
pos/15274251490947294img.png 1 0 0 165 37
pos/15274075201919887img.png 1 0 0 165 40
pos/152725523904img.png 1 0 0 163 30
pos/15274219359805837img.png 1 0 0 160 40
pos/15274051713803363img.png 1 0 0 165 40
pos/15274211740988133img.png 1 0 0 160 40
pos/152725524331img.png 1 0 0 163 33
pos/15274264261493003img.png 1 0 0 245 50
pos/15274249811618898img.png 1 0 0 165 37
pos/152740571901332img.png 1 0 0 165 40
pos/1527414677865259img.png 1 0 0 170 35
pos/15274202728668463img.png 1 0 0 160 40
pos/15274286640766642img.png 1 0 0 165 35
pos/152725589081img.png 1 0 0 169 36
pos/15272557742img.png 1 0 0 162 31
pos/152725523649img.png 1 0 0 169 31
pos/15274305585613532img.png 1 0 0 165 35
pos/15274159653638122img.png 1 0 0 170 35
pos/152725577665img.png 1 0 0 170 36
pos/152725575644img.png 1 0 0 219 41
pos/15272557898img.png 1 0 0 114 27
pos/152725524556img.png 1 0 0 170 30
pos/15274316430336654img.png 1 0 0 255 52
pos/1527406545041692img.png 1 0 0 165 40
pos/152725587048img.png 1 0 0 171 35
pos/15272557332img.png 1 0 0 117 25
pos/152725588232img.png 1 0 0 166 33
pos/152725584982img.png 1 0 0 217 46
pos/15274290820469313img.png 1 0 0 165 35
pos/152725588796img.png 1 0 0 224 35
pos/152725575137img.png 1 0 0 172 36
pos/15274055588177574img.png 1 0 0 165 40
pos/15274054789092956img.png 1 0 0 165 40
pos/15274051372448797img.png 1 0 0 165 40
pos/152725584068img.png 1 0 0 148 34
pos/15274062233819816img.png 1 0 0 165 40
pos/15274303060040777img.png 1 0 0 165 35
pos/152725573199img.png 1 0 0 163 34
pos/152725594607img.png 1 0 0 124 26
pos/152725577076img.png 1 0 0 224 44
pos/152725584434img.png 1 0 0 122 32
pos/15274269031912596img.png 1 0 0 245 50
pos/15274213087902749img.png 1 0 0 160 40
pos/15274304438819141img.png 1 0 0 165 35
pos/15274317349939146img.png 1 0 0 255 52
pos/152725594989img.png 1 0 0 114 24
pos/15274285957356896img.png 1 0 0 165 35
pos/15274291272480595img.png 1 0 0 165 35
pos/15274063383451242img.png 1 0 0 165 40
pos/152742783201535img.png 1 0 0 165 35
pos/152725575437img.png 1 0 0 124 28
pos/15274289685626717img.png 1 0 0 165 35
pos/152725584776img.png 1 0 0 112 28
pos/152725581221img.png 1 0 0 163 34
pos/15274307752214546img.png 1 0 0 165 35
pos/15274314793007772img.png 1 0 0 255 52
pos/152725584923img.png 1 0 0 217 43
pos/152725589726img.png 1 0 0 114 27
pos/152725572784img.png 1 0 0 119 26
pos/152725576509img.png 1 0 0 120 18
pos/1527417089330041img.png 1 0 0 170 35
pos/152725572514img.png 1 0 0 115 25
pos/152725586223img.png 1 0 0 216 38
pos/15274255010809574img.png 1 0 0 165 37
pos/152725571765img.png 1 0 0 118 24
pos/15274069920327082img.png 1 0 0 165 40
pos/15274081169917974img.png 1 0 0 165 40
pos/152725574304img.png 1 0 0 121 26
pos/15272558887img.png 1 0 0 118 24
pos/15274222322252147img.png 1 0 0 160 40
pos/15274134959113426img.png 1 0 0 170 35
pos/152725525195img.png 1 0 0 100 23
pos/15274050685270038img.png 1 0 0 165 40
pos/152725589549img.png 1 0 0 164 36
pos/15274061660003796img.png 1 0 0 165 40
pos/152725574029img.png 1 0 0 121 24
pos/15274279579305801img.png 1 0 0 165 35
pos/152725595496img.png 1 0 0 164 34
pos/152725524011img.png 1 0 0 163 37
pos/152725595751img.png 1 0 0 112 26
pos/152725591778img.png 1 0 0 158 33
pos/15274301217120826img.png 1 0 0 165 35
pos/1527421478821999img.png 1 0 0 160 40
pos/152725524759img.png 1 0 0 159 29
pos/15274147645629776img.png 1 0 0 170 35
pos/15274057529851713img.png 1 0 0 165 40
pos/152725593443img.png 1 0 0 163 41
pos/15272557561img.png 1 0 0 121 23
pos/15274291946667638img.png 1 0 0 165 35
pos/152725584621img.png 1 0 0 164 34
pos/152725584405img.png 1 0 0 156 28
pos/152725591351img.png 1 0 0 164 30
pos/15274169375806313img.png 1 0 0 170 35
pos/15274062807818346img.png 1 0 0 165 40
pos/15274215047362967img.png 1 0 0 160 40
pos/15274212415219083img.png 1 0 0 160 40
pos/152725525239img.png 1 0 0 162 31
pos/152725586411img.png 1 0 0 116 24
pos/15274167655437832img.png 1 0 0 170 35
pos/15274134744945645img.png 1 0 0 170 35
pos/15274254369164894img.png 1 0 0 165 37
pos/15272558206img.png 1 0 0 210 47
pos/15274209852281556img.png 1 0 0 160 40
pos/15274150284448228img.png 1 0 0 170 35
pos/152725523269img.png 1 0 0 162 32
pos/1527406705854258img.png 1 0 0 165 40
pos/15274063037687836img.png 1 0 0 165 40
pos/1527406073730597img.png 1 0 0 165 40
pos/1527424170412882img.png 1 0 0 160 40
pos/15274197922868984img.png 1 0 0 160 40
pos/15274082556812205img.png 1 0 0 165 40
pos/15272558180img.png 1 0 0 117 27
pos/152725589576img.png 1 0 0 163 34
pos/1527421229404089img.png 1 0 0 160 40
pos/152725594955img.png 1 0 0 170 35
pos/152725592129img.png 1 0 0 165 31
pos/152725572768img.png 1 0 0 161 35
pos/15272559059img.png 1 0 0 128 31
pos/152725580575img.png 1 0 0 168 36
pos/152725596247img.png 1 0 0 165 34
pos/152725590635img.png 1 0 0 117 22
pos/15272557974img.png 1 0 0 174 36
pos/152725584961img.png 1 0 0 114 21
pos/152725575905img.png 1 0 0 217 45
pos/1527414075797668img.png 1 0 0 170 35
pos/15274287781816928img.png 1 0 0 165 35
pos/152725590997img.png 1 0 0 217 46
pos/152725592144img.png 1 0 0 118 26
pos/152725592986img.png 1 0 0 221 40
pos/152725584486img.png 1 0 0 162 36
pos/1527427774507194img.png 1 0 0 165 35
pos/15274055128879676img.png 1 0 0 165 40
pos/152725578702img.png 1 0 0 122 29
pos/1527405160068837img.png 1 0 0 165 40
pos/15274293762981503img.png 1 0 0 165 35
pos/15274162246406875img.png 1 0 0 170 35
pos/15274069691822476img.png 1 0 0 165 40
pos/152725583802img.png 1 0 0 109 24
pos/152725579052img.png 1 0 0 115 27
pos/15274195738729987img.png 1 0 0 160 40
pos/152725522738img.png 1 0 0 159 29
pos/152725590746img.png 1 0 0 116 23
pos/15274085908310232img.png 1 0 0 165 40
pos/152725526626img.png 1 0 0 158 37
pos/15274212563157077img.png 1 0 0 160 40
pos/15274058779586663img.png 1 0 0 165 40
pos/152725523223img.png 1 0 0 222 39
pos/1527408671842706img.png 1 0 0 165 40
pos/152725570367img.png 1 0 0 118 25
pos/15274165932336197img.png 1 0 0 170 35
pos/1527406613896385img.png 1 0 0 165 40
pos/152725573781img.png 1 0 0 158 33
pos/152725583073img.png 1 0 0 118 24
pos/15274201656591864img.png 1 0 0 160 40
pos/152725590798img.png 1 0 0 120 24
pos/15274223534486039img.png 1 0 0 160 40
pos/152725579789img.png 1 0 0 123 27
pos/15274077798186743img.png 1 0 0 165 40
pos/15274191960892937img.png 1 0 0 160 40
pos/1527425107921309img.png 1 0 0 165 37
pos/152725570321img.png 1 0 0 113 23
pos/152725580963img.png 1 0 0 127 28
pos/152725525038img.png 1 0 0 158 29
pos/152725574828img.png 1 0 0 118 23
pos/15274277517598925img.png 1 0 0 165 35
pos/152725573947img.png 1 0 0 169 33
pos/15274209995429454img.png 1 0 0 160 40
pos/1527406521770358img.png 1 0 0 165 40
pos/152725592841img.png 1 0 0 111 27
pos/152725577304img.png 1 0 0 120 27
pos/15274248987355502img.png 1 0 0 165 37
pos/15274085217391937img.png 1 0 0 165 40
pos/152725589686img.png 1 0 0 114 25
pos/15274163321065156img.png 1 0 0 170 35
pos/152725523504img.png 1 0 0 136 29
pos/152725592764img.png 1 0 0 117 27
pos/152725574445img.png 1 0 0 113 24
pos/15272559570img.png 1 0 0 167 38
pos/152725577194img.png 1 0 0 221 45
pos/1527408290633786img.png 1 0 0 165 40
pos/15274255174131775img.png 1 0 0 165 37
pos/15274301331662655img.png 1 0 0 165 35
pos/152725523794img.png 1 0 0 156 33
pos/15274316578540397img.png 1 0 0 255 52
pos/152725522917img.png 1 0 0 155 34
pos/152725581041img.png 1 0 0 168 35
pos/152725587271img.png 1 0 0 232 44
pos/152725523398img.png 1 0 0 157 36
pos/152725591084img.png 1 0 0 221 45
pos/1527429558559783img.png 1 0 0 165 35
pos/152725594894img.png 1 0 0 109 22
pos/1527426841698784img.png 1 0 0 245 50
pos/152725585346img.png 1 0 0 231 48
pos/15274056959994354img.png 1 0 0 165 40
pos/152725578405img.png 1 0 0 116 25
pos/152725593845img.png 1 0 0 214 48
pos/152725572205img.png 1 0 0 163 34
pos/152725595321img.png 1 0 0 119 23
pos/152725590832img.png 1 0 0 121 22
pos/152725575713img.png 1 0 0 160 33
pos/152725582963img.png 1 0 0 114 24
pos/15274149402335567img.png 1 0 0 170 35
pos/15274073367688053img.png 1 0 0 165 40
pos/15274165274966638img.png 1 0 0 170 35
pos/15274268909432275img.png 1 0 0 245 50
pos/152725594766img.png 1 0 0 107 23
pos/15272559238img.png 1 0 0 172 36
pos/15274055358483286img.png 1 0 0 165 40
pos/15272559005img.png 1 0 0 121 27
pos/15274217599525254img.png 1 0 0 160 40
pos/152725572299img.png 1 0 0 108 22
pos/15274168303230941img.png 1 0 0 170 35
pos/15274313699782674img.png 1 0 0 255 52
pos/15274276610940287img.png 1 0 0 165 35
pos/15272558479img.png 1 0 0 166 36
pos/1527422514907772img.png 1 0 0 160 40
pos/152725571121img.png 1 0 0 123 23
pos/1527428026048491img.png 1 0 0 165 35
pos/152725586563img.png 1 0 0 153 32
pos/15274255095237355img.png 1 0 0 165 37
pos/1527419600969515img.png 1 0 0 160 40
pos/15272558066img.png 1 0 0 165 35
pos/15274208645396936img.png 1 0 0 160 40
pos/152725523481img.png 1 0 0 100 21
pos/1527413989957924img.png 1 0 0 170 35
pos/152725584637img.png 1 0 0 119 27
pos/152725577628img.png 1 0 0 167 33
pos/1527421949926253img.png 1 0 0 160 40
pos/152725596492img.png 1 0 0 112 28
pos/152725577174img.png 1 0 0 119 22
pos/152725574936img.png 1 0 0 111 25
pos/152725573407img.png 1 0 0 164 32
pos/15272558090img.png 1 0 0 121 26
pos/15274284029340596img.png 1 0 0 165 35
pos/15274294331053905img.png 1 0 0 165 35
pos/15274066481887286img.png 1 0 0 165 40
pos/15274294785469968img.png 1 0 0 165 35
pos/1527428448505543img.png 1 0 0 165 35
pos/152725524694img.png 1 0 0 158 31
pos/152725582705img.png 1 0 0 118 25
pos/15274151609950879img.png 1 0 0 170 35
pos/152725523923img.png 1 0 0 153 35
pos/15274240175875468img.png 1 0 0 160 40
pos/152725582624img.png 1 0 0 124 24
pos/15272557397img.png 1 0 0 108 27
pos/15274081980629156img.png 1 0 0 165 40
pos/1527427050418062img.png 1 0 0 245 50
pos/1527407977385052img.png 1 0 0 165 40
pos/152725593384img.png 1 0 0 161 34
pos/15274137966228964img.png 1 0 0 170 35
pos/15274178643984325img.png 1 0 0 170 35
pos/152725594483img.png 1 0 0 119 27
pos/152725525372img.png 1 0 0 156 34
pos/15274288905783942img.png 1 0 0 165 35
pos/15274288793110764img.png 1 0 0 165 35
pos/15272557617img.png 1 0 0 165 32
pos/15272559642img.png 1 0 0 115 26
pos/1527405570154229img.png 1 0 0 165 40
pos/15274267944313934img.png 1 0 0 245 50
pos/15274295015244036img.png 1 0 0 165 35
pos/15274263914789639img.png 1 0 0 245 50
pos/1527426939546598img.png 1 0 0 245 50
pos/1527429730343098img.png 1 0 0 165 35
pos/152725576288img.png 1 0 0 121 25
pos/152725580347img.png 1 0 0 220 43
pos/152725590385img.png 1 0 0 166 34
pos/152725576754img.png 1 0 0 163 36
pos/152725575236img.png 1 0 0 163 34
pos/1527428288786748img.png 1 0 0 165 35
pos/152725584371img.png 1 0 0 164 34
pos/152725573999img.png 1 0 0 163 37
pos/152725594453img.png 1 0 0 167 33
pos/15274210128264322img.png 1 0 0 160 40
pos/15274266713304658img.png 1 0 0 245 50
pos/15274072565514865img.png 1 0 0 165 40
pos/152725586901img.png 1 0 0 218 46
pos/15272559270img.png 1 0 0 162 33
pos/152725523469img.png 1 0 0 140 30
pos/1527420205599872img.png 1 0 0 160 40
pos/152725589275img.png 1 0 0 134 33
pos/152725523246img.png 1 0 0 168 37
pos/15274192474987211img.png 1 0 0 160 40
pos/1527425621147029img.png 1 0 0 165 37
pos/1527422406537864img.png 1 0 0 160 40
pos/15274263080831048img.png 1 0 0 245 50
pos/15272559450img.png 1 0 0 161 31
pos/152725580545img.png 1 0 0 119 27
pos/15272559026img.png 1 0 0 159 34
pos/15274220956757457img.png 1 0 0 160 40
pos/15274313637852516img.png 1 0 0 255 52
pos/152725593689img.png 1 0 0 161 37
pos/15274301685225887img.png 1 0 0 165 35
pos/15274301569650023img.png 1 0 0 165 35
pos/15274262598826733img.png 1 0 0 245 50
pos/152725572079img.png 1 0 0 215 42
pos/152725575027img.png 1 0 0 170 36
pos/1527406246309199img.png 1 0 0 165 40
pos/152725570336img.png 1 0 0 118 26
pos/15274254930542753img.png 1 0 0 165 37
pos/152725596143img.png 1 0 0 163 33
pos/15274278435742245img.png 1 0 0 165 35
pos/152725583168img.png 1 0 0 136 30
pos/152725590401img.png 1 0 0 119 25
pos/152725589337img.png 1 0 0 167 34
pos/152725582901img.png 1 0 0 151 29
pos/15274298567776554img.png 1 0 0 165 35
pos/15272557758img.png 1 0 0 160 31
pos/152725589925img.png 1 0 0 120 25
pos/152725580678img.png 1 0 0 159 32
pos/152725526274img.png 1 0 0 148 31
pos/152725572333img.png 1 0 0 120 27
pos/152725580916img.png 1 0 0 112 24
pos/152725573104img.png 1 0 0 114 24
pos/152725524233img.png 1 0 0 138 31
pos/152725524147img.png 1 0 0 154 34
pos/1527421612239161img.png 1 0 0 160 40
pos/15274175414411657img.png 1 0 0 170 35
pos/15274071650931137img.png 1 0 0 165 40
pos/152725577454img.png 1 0 0 170 34
pos/15272558127img.png 1 0 0 151 30
pos/15274315125702243img.png 1 0 0 255 52
pos/152725588557img.png 1 0 0 116 25
pos/15272557131img.png 1 0 0 163 32
pos/152725595771img.png 1 0 0 160 35
pos/152725571173img.png 1 0 0 119 25
pos/152725582979img.png 1 0 0 117 26
pos/15272558709img.png 1 0 0 222 41
pos/1527419285764309img.png 1 0 0 160 40
pos/15274198449728606img.png 1 0 0 160 40
pos/152725573268img.png 1 0 0 120 28
pos/15274167870649245img.png 1 0 0 170 35
pos/1527427980679395img.png 1 0 0 165 35
pos/152725589154img.png 1 0 0 154 30
pos/1527417154834027img.png 1 0 0 170 35
pos/15272557697img.png 1 0 0 160 34
pos/152725576409img.png 1 0 0 116 22
pos/152725589292img.png 1 0 0 137 32
pos/15274066366789985img.png 1 0 0 165 40
pos/15274084524375389img.png 1 0 0 165 40
pos/152725574795img.png 1 0 0 162 37
pos/152725526489img.png 1 0 0 160 32
pos/15274296154014792img.png 1 0 0 165 35
pos/152725573135img.png 1 0 0 116 25
pos/152725575479img.png 1 0 0 122 27
pos/15274305012157214img.png 1 0 0 165 35
pos/152725525916img.png 1 0 0 151 35
pos/152725590531img.png 1 0 0 218 44
pos/1527419533262181img.png 1 0 0 160 40
pos/15274253571220944img.png 1 0 0 165 37
pos/15274196560825422img.png 1 0 0 160 40
pos/152725586628img.png 1 0 0 166 35
pos/152725591668img.png 1 0 0 117 30
pos/15272557432img.png 1 0 0 169 34
pos/1527430191459997img.png 1 0 0 165 35
pos/152725590937img.png 1 0 0 227 50
pos/15274139684943507img.png 1 0 0 170 35
pos/15274159434502745img.png 1 0 0 170 35
pos/15274282660070233img.png 1 0 0 165 35
pos/15274314259215505img.png 1 0 0 255 52
pos/152725574224img.png 1 0 0 167 31
pos/15274252683497949img.png 1 0 0 165 37
pos/15274076553988965img.png 1 0 0 165 40
pos/1527421692286303img.png 1 0 0 160 40
pos/15274306279997642img.png 1 0 0 165 35
pos/15274200448769126img.png 1 0 0 160 40
pos/152725576381img.png 1 0 0 158 39
pos/15274136462723265img.png 1 0 0 170 35
pos/15274086603373444img.png 1 0 0 165 40
pos/15274150731321082img.png 1 0 0 170 35
pos/1527426414607663img.png 1 0 0 245 50
pos/1527424081490251img.png 1 0 0 160 40
pos/152725578884img.png 1 0 0 161 36
pos/152725588519img.png 1 0 0 220 42
pos/15274256617587132img.png 1 0 0 165 37
pos/152725571616img.png 1 0 0 118 26
pos/15274159214668784img.png 1 0 0 170 35
pos/15274064414850166img.png 1 0 0 165 40
pos/152725577681img.png 1 0 0 121 22
pos/15274277859384909img.png 1 0 0 165 35
pos/15274060391996891img.png 1 0 0 165 40
pos/15274255802086048img.png 1 0 0 165 37
pos/152725526007img.png 1 0 0 167 38
pos/15272552445img.png 1 0 0 150 37
pos/152725574117img.png 1 0 0 171 34
pos/152725581703img.png 1 0 0 142 26
pos/15274146349957328img.png 1 0 0 170 35
pos/15274138826546617img.png 1 0 0 170 35
pos/15274299143808277img.png 1 0 0 165 35
pos/152725582586img.png 1 0 0 120 21
pos/152725578744img.png 1 0 0 157 32
pos/15272558459img.png 1 0 0 120 23
pos/15274316117598116img.png 1 0 0 255 52
pos/152725590814img.png 1 0 0 115 26
pos/152725593982img.png 1 0 0 119 26
pos/15274145273868225img.png 1 0 0 170 35
pos/152725578309img.png 1 0 0 121 26
pos/152725580851img.png 1 0 0 161 32
pos/152725524033img.png 1 0 0 225 45
pos/152725583756img.png 1 0 0 122 25
pos/1527407015122989img.png 1 0 0 165 40
pos/152725523289img.png 1 0 0 110 25
pos/1527431605632682img.png 1 0 0 255 52
pos/1527425605347601img.png 1 0 0 165 37
pos/152725584905img.png 1 0 0 114 33
pos/15272559051img.png 1 0 0 138 27
pos/152725574561img.png 1 0 0 111 26
pos/15274173480104494img.png 1 0 0 170 35
pos/152725585006img.png 1 0 0 169 33
pos/15272558825img.png 1 0 0 167 31
pos/1527415379509819img.png 1 0 0 170 35
pos/15274314602862394img.png 1 0 0 255 52
pos/15274264382738593img.png 1 0 0 245 50
pos/152725596068img.png 1 0 0 168 27
pos/152725525698img.png 1 0 0 160 35
pos/152725581651img.png 1 0 0 221 44
pos/152725526217img.png 1 0 0 156 32
pos/15274070036119058img.png 1 0 0 165 40
pos/15274212701287296img.png 1 0 0 160 40
pos/152725591761img.png 1 0 0 111 22
pos/15274289800121677img.png 1 0 0 165 35
pos/152725582227img.png 1 0 0 161 29
pos/15274081750390816img.png 1 0 0 165 40
pos/1527429217221104img.png 1 0 0 165 35
pos/15272559502img.png 1 0 0 167 35
pos/15274317274396079img.png 1 0 0 255 52
pos/152725585038img.png 1 0 0 118 25
pos/152725524279img.png 1 0 0 156 33
pos/15274216794730587img.png 1 0 0 160 40
pos/1527420085379626img.png 1 0 0 160 40
pos/15274253889680517img.png 1 0 0 165 37
pos/152725523759img.png 1 0 0 164 33
pos/1527425245503479img.png 1 0 0 165 37
pos/152725581203img.png 1 0 0 116 22
pos/15274060160435462img.png 1 0 0 165 40
pos/152725589011img.png 1 0 0 154 36
pos/152725593039img.png 1 0 0 161 30
pos/15274155943447428img.png 1 0 0 170 35
pos/152725589789img.png 1 0 0 129 27
pos/152725594312img.png 1 0 0 220 44
pos/15274300986500354img.png 1 0 0 165 35
pos/1527430662042066img.png 1 0 0 165 35
pos/152725586501img.png 1 0 0 165 30
pos/15274055929180229img.png 1 0 0 165 40
pos/152725578278img.png 1 0 0 121 28
pos/15274314399295015img.png 1 0 0 255 52
pos/15274076777219508img.png 1 0 0 165 40
pos/15274250769909708img.png 1 0 0 165 37
pos/152725581126img.png 1 0 0 117 27
pos/152725583611img.png 1 0 0 113 23
pos/152725578933img.png 1 0 0 165 33
pos/152725590847img.png 1 0 0 169 34
pos/15274250851156843img.png 1 0 0 165 37
pos/15274249559002976img.png 1 0 0 165 37
pos/15274211186968842img.png 1 0 0 160 40
pos/15274242378309762img.png 1 0 0 160 40
pos/152725588431img.png 1 0 0 158 36
pos/152725593882img.png 1 0 0 124 28
pos/15274305820646496img.png 1 0 0 165 35
pos/15274062577981315img.png 1 0 0 165 40
pos/15274299489202785img.png 1 0 0 165 35
pos/15274213493100176img.png 1 0 0 160 40
pos/15274280374542162img.png 1 0 0 165 35
pos/152725572852img.png 1 0 0 140 29
pos/1527427135401921img.png 1 0 0 245 50
pos/15274205154048157img.png 1 0 0 160 40
pos/152725522799img.png 1 0 0 152 34
pos/15274151830745637img.png 1 0 0 170 35
pos/15274063727465463img.png 1 0 0 165 40
pos/15274138181005445img.png 1 0 0 170 35
pos/152725594075img.png 1 0 0 112 27
pos/15274281517445993img.png 1 0 0 165 35
pos/15274069008614888img.png 1 0 0 165 40
pos/15272552578img.png 1 0 0 160 29
pos/15274176504853668img.png 1 0 0 170 35
pos/15274294558295429img.png 1 0 0 165 35
pos/152725523994img.png 1 0 0 133 31
pos/15274213229658701img.png 1 0 0 160 40
pos/1527430763917588img.png 1 0 0 165 35
pos/15274173266275327img.png 1 0 0 170 35
pos/15274269890289648img.png 1 0 0 245 50
pos/152725575352img.png 1 0 0 113 28
pos/15274201529983404img.png 1 0 0 160 40
pos/152725574335img.png 1 0 0 162 31
pos/15274078148186533img.png 1 0 0 165 40
pos/1527430029406129img.png 1 0 0 165 35
pos/15274086832268608img.png 1 0 0 165 40
pos/15274222727614098img.png 1 0 0 160 40
pos/1527426659028404img.png 1 0 0 245 50
pos/15274071536280117img.png 1 0 0 165 40
pos/152725590893img.png 1 0 0 211 45
pos/15274303978458624img.png 1 0 0 165 35
pos/15274133886736782img.png 1 0 0 170 35
pos/15274254054644918img.png 1 0 0 165 37
pos/1527406062202653img.png 1 0 0 165 40
pos/152725526235img.png 1 0 0 118 23
pos/152725596372img.png 1 0 0 164 32
pos/152725574905img.png 1 0 0 109 23
pos/152725524588img.png 1 0 0 195 37
pos/152725571025img.png 1 0 0 115 22
pos/152725573567img.png 1 0 0 169 33
pos/15274287667809935img.png 1 0 0 165 35
pos/15274240304546494img.png 1 0 0 160 40
pos/152725584244img.png 1 0 0 120 25
pos/15274070612231913img.png 1 0 0 165 40
pos/152725596297img.png 1 0 0 214 45
pos/15274082095245829img.png 1 0 0 165 40
pos/152725583266img.png 1 0 0 228 35
pos/15274206786716492img.png 1 0 0 160 40
pos/1527408105267489img.png 1 0 0 165 40
pos/15274071765344586img.png 1 0 0 165 40
pos/1527421719112017img.png 1 0 0 160 40
pos/152725572836img.png 1 0 0 161 35
pos/152725525447img.png 1 0 0 161 28
pos/15274269519248936img.png 1 0 0 245 50
pos/152725582108img.png 1 0 0 119 21
pos/152725591745img.png 1 0 0 160 36
pos/15274198591388137img.png 1 0 0 160 40
pos/15274178858767498img.png 1 0 0 170 35
pos/1527408648726774img.png 1 0 0 165 40
pos/152742563799566img.png 1 0 0 165 37
pos/152725585595img.png 1 0 0 113 28
pos/152725584606img.png 1 0 0 123 27
pos/152725574696img.png 1 0 0 118 25
pos/152725583917img.png 1 0 0 118 24
pos/152725581875img.png 1 0 0 118 25
pos/152725580384img.png 1 0 0 168 32
pos/1527416310588365img.png 1 0 0 170 35
pos/15274220157255952img.png 1 0 0 160 40
pos/152725525357img.png 1 0 0 99 24
pos/15274255408204956img.png 1 0 0 165 37
pos/152725582189img.png 1 0 0 227 43
pos/1527415811580366img.png 1 0 0 170 35
pos/152742656064073img.png 1 0 0 245 50
pos/152725582352img.png 1 0 0 119 24
pos/1527430489737973img.png 1 0 0 165 35
pos/15274073481921902img.png 1 0 0 165 40
pos/152741552992662img.png 1 0 0 170 35
pos/152725590763img.png 1 0 0 113 28
pos/15274162676344647img.png 1 0 0 170 35
pos/15274175197777781img.png 1 0 0 170 35
pos/15274298225934114img.png 1 0 0 165 35
pos/152725579462img.png 1 0 0 120 24
pos/15274203551040857img.png 1 0 0 160 40
pos/152725586923img.png 1 0 0 125 22
pos/15274281861843963img.png 1 0 0 165 35
pos/152725590976img.png 1 0 0 121 26
pos/152725571213img.png 1 0 0 160 30
pos/152725587231img.png 1 0 0 219 51
pos/15274061775032785img.png 1 0 0 165 40
pos/15274146564568808img.png 1 0 0 170 35
pos/15274288343166995img.png 1 0 0 165 35
pos/15274067402413545img.png 1 0 0 165 40
pos/152725591493img.png 1 0 0 154 27
pos/152725589308img.png 1 0 0 163 38
pos/152725523082img.png 1 0 0 136 27
pos/1527404988234029img.png 1 0 0 165 40
pos/15274204617058473img.png 1 0 0 160 40
pos/15274193907021372img.png 1 0 0 160 40
pos/152725587116img.png 1 0 0 164 32
pos/15272557859img.png 1 0 0 226 45
pos/15274053083700957img.png 1 0 0 165 40
pos/1527421531176456img.png 1 0 0 160 40
pos/152725571588img.png 1 0 0 162 37
pos/15274207978397312img.png 1 0 0 160 40
pos/152725584871img.png 1 0 0 164 34
pos/152725579212img.png 1 0 0 121 27
pos/15274299374313622img.png 1 0 0 165 35
pos/1527420314794982img.png 1 0 0 160 40
pos/15274296040516112img.png 1 0 0 165 35
pos/152725586472img.png 1 0 0 155 30
pos/15274143763638246img.png 1 0 0 170 35
pos/15274276724483874img.png 1 0 0 165 35
pos/15274253326468108img.png 1 0 0 165 37
pos/152725587181img.png 1 0 0 119 25
pos/152725573506img.png 1 0 0 115 23
pos/15274317426115859img.png 1 0 0 255 52
pos/15274049768788748img.png 1 0 0 165 40
pos/152742846026676img.png 1 0 0 165 35
pos/152725589991img.png 1 0 0 121 26
pos/152725589772img.png 1 0 0 173 31
pos/152725590202img.png 1 0 0 114 21
pos/15272559123img.png 1 0 0 118 25
pos/152725525313img.png 1 0 0 145 35
pos/152725579446img.png 1 0 0 162 31
pos/15274059008814666img.png 1 0 0 165 40
pos/152725570845img.png 1 0 0 157 34
pos/15274292285839434img.png 1 0 0 165 35
pos/15274142257680092img.png 1 0 0 170 35
pos/15274267574917347img.png 1 0 0 245 50
pos/15274241845979254img.png 1 0 0 160 40
pos/15274082789888763img.png 1 0 0 165 40
pos/152725522778img.png 1 0 0 149 33
pos/1527420191820434img.png 1 0 0 160 40
pos/15274053996249306img.png 1 0 0 165 40
pos/152725586808img.png 1 0 0 116 25
pos/15272559524img.png 1 0 0 162 31
pos/15274148084867728img.png 1 0 0 170 35
pos/152725571277img.png 1 0 0 156 35
pos/15274299028537745img.png 1 0 0 165 35
pos/152725592472img.png 1 0 0 158 37
pos/152741411864843img.png 1 0 0 170 35
pos/152725585372img.png 1 0 0 123 24
pos/152725581785img.png 1 0 0 167 35
pos/15274216526750152img.png 1 0 0 160 40
pos/15274193777495906img.png 1 0 0 160 40
pos/152725582124img.png 1 0 0 164 37
pos/152725574147img.png 1 0 0 125 22
pos/152725578805img.png 1 0 0 227 42
pos/152725587535img.png 1 0 0 220 42
pos/15274287552848973img.png 1 0 0 165 35
pos/152725526152img.png 1 0 0 165 29
pos/1527405433722284img.png 1 0 0 165 40
pos/152725595376img.png 1 0 0 161 34
pos/15272558967img.png 1 0 0 120 26
pos/152725591574img.png 1 0 0 166 34
pos/152725572689img.png 1 0 0 207 47
pos/15274077112651887img.png 1 0 0 165 40
pos/1527429467214602img.png 1 0 0 165 35
pos/15274255723355737img.png 1 0 0 165 37
pos/15274297881973531img.png 1 0 0 165 35
pos/152725574101img.png 1 0 0 115 24
pos/152725582742img.png 1 0 0 224 48
pos/152725579957img.png 1 0 0 164 35
pos/15274214270849278img.png 1 0 0 160 40
pos/15274264992710137img.png 1 0 0 245 50
pos/152725590163img.png 1 0 0 212 46
pos/152725579882img.png 1 0 0 155 38
pos/1527425204431606img.png 1 0 0 165 37
pos/15272552587img.png 1 0 0 159 34
pos/152725594214img.png 1 0 0 114 28
pos/1527425646089462img.png 1 0 0 165 37
pos/15274139256039052img.png 1 0 0 170 35
pos/1527413431511801img.png 1 0 0 170 35
pos/152725586648img.png 1 0 0 109 24
pos/152740496559888img.png 1 0 0 165 40
pos/15274264503384206img.png 1 0 0 245 50
pos/15272558991img.png 1 0 0 166 35
pos/152725523093img.png 1 0 0 121 24
pos/152725589097img.png 1 0 0 158 38
pos/15274080471726136img.png 1 0 0 165 40
pos/152725576467img.png 1 0 0 214 44
pos/15274135603117118img.png 1 0 0 170 35
pos/152725578847img.png 1 0 0 119 28
pos/152725526473img.png 1 0 0 165 37
pos/15274277290812755img.png 1 0 0 165 35
pos/152725581815img.png 1 0 0 119 25
pos/15274050342440214img.png 1 0 0 165 40
pos/15274050113310654img.png 1 0 0 165 40
pos/15274179491072912img.png 1 0 0 170 35
pos/15274064646420772img.png 1 0 0 165 40
pos/15274249722667532img.png 1 0 0 165 37
pos/152725525756img.png 1 0 0 141 31
pos/152725578641img.png 1 0 0 163 35
pos/152725581503img.png 1 0 0 163 33
pos/1527420058789381img.png 1 0 0 160 40
pos/15274265238621929img.png 1 0 0 245 50
pos/152725594516img.png 1 0 0 118 26
pos/152725524658img.png 1 0 0 157 32
pos/15274209050785334img.png 1 0 0 160 40
pos/152725573166img.png 1 0 0 161 32
pos/152725526196img.png 1 0 0 149 32
pos/152725582171img.png 1 0 0 114 22
pos/15274053311718264img.png 1 0 0 165 40
pos/15274225932688513img.png 1 0 0 160 40
pos/152725585073img.png 1 0 0 120 26
pos/15274207309765892img.png 1 0 0 160 40
pos/15274195079008493img.png 1 0 0 160 40
pos/152725576355img.png 1 0 0 117 27
pos/152725526077img.png 1 0 0 137 32
pos/152725585702img.png 1 0 0 109 22
pos/152725595348img.png 1 0 0 170 40
pos/15274050228491695img.png 1 0 0 165 40
pos/15274282431807652img.png 1 0 0 165 35
pos/152725575153img.png 1 0 0 164 33
pos/152725574177img.png 1 0 0 120 28
pos/15274050913426883img.png 1 0 0 165 40
pos/15274207185268714img.png 1 0 0 160 40
pos/152725582817img.png 1 0 0 139 32
pos/15274200316258283img.png 1 0 0 160 40
pos/15274285731350996img.png 1 0 0 165 35
pos/15274078960651088img.png 1 0 0 165 40
pos/15274076106916664img.png 1 0 0 165 40
pos/152725574966img.png 1 0 0 133 28
pos/152725590275img.png 1 0 0 160 34
pos/152725524057img.png 1 0 0 162 32
pos/15272558199img.png 1 0 0 117 27
pos/1527429251375206img.png 1 0 0 165 35
pos/152725578083img.png 1 0 0 116 28
pos/152725596185img.png 1 0 0 166 33
pos/15274200188892832img.png 1 0 0 160 40
pos/15274068205522444img.png 1 0 0 165 40
pos/15272552567img.png 1 0 0 138 28
pos/152725595268img.png 1 0 0 161 34
pos/15272552335img.png 1 0 0 154 32
pos/15274136032975264img.png 1 0 0 170 35
pos/15274054902799766img.png 1 0 0 165 40
pos/15272559349img.png 1 0 0 140 29
pos/152742868654309img.png 1 0 0 165 35
pos/152725586515img.png 1 0 0 168 31
pos/152725524178img.png 1 0 0 136 24
pos/15274290363084128img.png 1 0 0 165 35
pos/15274204356121285img.png 1 0 0 160 40
pos/15274225283219273img.png 1 0 0 160 40
pos/1527429172120374img.png 1 0 0 165 35
pos/152725574845img.png 1 0 0 156 36
pos/15274162890757926img.png 1 0 0 170 35
pos/152725579292img.png 1 0 0 215 39
pos/152725575949img.png 1 0 0 169 37
pos/152725586356img.png 1 0 0 160 33
pos/15274212959399543img.png 1 0 0 160 40
pos/1527427797311576img.png 1 0 0 165 35
pos/152725522839img.png 1 0 0 118 25
pos/152725593914img.png 1 0 0 163 35
pos/152725573834img.png 1 0 0 126 27
pos/15274281404041748img.png 1 0 0 165 35
pos/152725572973img.png 1 0 0 114 28
pos/152725581331img.png 1 0 0 147 28
pos/152725592236img.png 1 0 0 166 32
pos/152725584667img.png 1 0 0 123 26
pos/152725583659img.png 1 0 0 119 24
pos/15274068435517452img.png 1 0 0 165 40
pos/152725575205img.png 1 0 0 120 25
pos/1527413689217315img.png 1 0 0 170 35
pos/152725580369img.png 1 0 0 164 31
pos/152725573474img.png 1 0 0 121 27
pos/152725594382img.png 1 0 0 166 33
pos/15272559155img.png 1 0 0 117 23
pos/15274057643219123img.png 1 0 0 165 40
pos/15274254692491882img.png 1 0 0 165 37
pos/152725590455img.png 1 0 0 222 41
pos/15274293989623022img.png 1 0 0 165 35
pos/152725523616img.png 1 0 0 157 33
pos/152725578049img.png 1 0 0 113 28
pos/152725580932img.png 1 0 0 121 24
pos/152725595984img.png 1 0 0 164 38
pos/15274213887161014img.png 1 0 0 160 40
pos/15274221498410861img.png 1 0 0 160 40
pos/152725596264img.png 1 0 0 117 22
pos/15274305126446981img.png 1 0 0 165 35
pos/152725588853img.png 1 0 0 157 35
pos/15274214016621048img.png 1 0 0 160 40
pos/152725576267img.png 1 0 0 115 25
pos/15272552553img.png 1 0 0 146 33
pos/15274067747298014img.png 1 0 0 165 40
pos/152725586779img.png 1 0 0 122 26
pos/15274167439702582img.png 1 0 0 170 35
pos/152725574522img.png 1 0 0 167 33
pos/152725586983img.png 1 0 0 224 44
pos/152725574998img.png 1 0 0 147 32
pos/152725575187img.png 1 0 0 164 37
pos/15274314117713072img.png 1 0 0 255 52
pos/15274066712847507img.png 1 0 0 165 40
pos/15274270134967296img.png 1 0 0 245 50
pos/152725524962img.png 1 0 0 158 31
pos/15274222994089825img.png 1 0 0 160 40
pos/15274222591019516img.png 1 0 0 160 40
pos/152725589839img.png 1 0 0 163 35
pos/152725524628img.png 1 0 0 162 35
pos/1527406476017585img.png 1 0 0 165 40
pos/15274287437426658img.png 1 0 0 165 35
pos/152725570384img.png 1 0 0 165 34
pos/15274142472784667img.png 1 0 0 170 35
pos/1527429672952861img.png 1 0 0 165 35
pos/152725586547img.png 1 0 0 122 24
pos/152725585625img.png 1 0 0 115 27
pos/15274144844205768img.png 1 0 0 170 35
pos/1527417197922078img.png 1 0 0 170 35
pos/152725590573img.png 1 0 0 133 29
pos/15274071992242944img.png 1 0 0 165 40
pos/152725594261img.png 1 0 0 163 32
pos/15274277630849345img.png 1 0 0 165 35
pos/152725591859img.png 1 0 0 161 29
pos/15272552410img.png 1 0 0 122 26
pos/152725570259img.png 1 0 0 166 35
pos/152725591911img.png 1 0 0 221 46
pos/15274288680645194img.png 1 0 0 165 35
pos/152725586747img.png 1 0 0 113 27
pos/15274078612718532img.png 1 0 0 165 40
pos/1527415226964879img.png 1 0 0 170 35
pos/15274140329154723img.png 1 0 0 170 35
pos/152725579722img.png 1 0 0 118 25
pos/15274065908232262img.png 1 0 0 165 40
pos/152725583105img.png 1 0 0 134 32
pos/15274268540238411img.png 1 0 0 245 50
pos/152725571106img.png 1 0 0 172 35
pos/15274241324415777img.png 1 0 0 160 40
pos/15274057756797926img.png 1 0 0 165 40
pos/15274241577967737img.png 1 0 0 160 40
pos/15272557601img.png 1 0 0 118 25
pos/152725586048img.png 1 0 0 167 36
pos/152725596019img.png 1 0 0 229 45
pos/152725578421img.png 1 0 0 168 34
pos/152725594183img.png 1 0 0 114 23
pos/15274297537858932img.png 1 0 0 165 35
pos/152725585267img.png 1 0 0 214 41
pos/1527426585247403img.png 1 0 0 245 50
pos/15272557022img.png 1 0 0 217 43
pos/1527408429341381img.png 1 0 0 165 40
pos/15274068549804962img.png 1 0 0 165 40
pos/1527427923487833img.png 1 0 0 165 35
pos/152725585405img.png 1 0 0 114 23
pos/15274057304657907img.png 1 0 0 165 40
pos/15272559380img.png 1 0 0 161 38
pos/15274198186331794img.png 1 0 0 160 40
pos/1527415401040851img.png 1 0 0 170 35
pos/152725572353img.png 1 0 0 214 38
pos/15274157456269083img.png 1 0 0 170 35
pos/15274222451064165img.png 1 0 0 160 40
pos/152725575523img.png 1 0 0 211 43
pos/152725571193img.png 1 0 0 157 39
pos/15274278890964293img.png 1 0 0 165 35
pos/152725582556img.png 1 0 0 164 33
pos/1527421989182836img.png 1 0 0 160 40
pos/15274148524951532img.png 1 0 0 170 35
pos/15272559207img.png 1 0 0 114 28
pos/15274087293590295img.png 1 0 0 165 40
pos/15274306167086966img.png 1 0 0 165 35
pos/152725522701img.png 1 0 0 194 33
pos/152725576879img.png 1 0 0 115 24
pos/152725582769img.png 1 0 0 165 34
pos/15274297652371144img.png 1 0 0 165 35
pos/15274165054995742img.png 1 0 0 170 35
pos/152725577514img.png 1 0 0 164 34
pos/152725523961img.png 1 0 0 117 28
pos/15274287894393437img.png 1 0 0 165 35
pos/15274063956902559img.png 1 0 0 165 40
pos/1527406682836118img.png 1 0 0 165 40
pos/1527421103948291img.png 1 0 0 160 40
pos/15274194806394703img.png 1 0 0 160 40
pos/152725596278img.png 1 0 0 145 32
pos/152725583338img.png 1 0 0 217 41
pos/15274197240024383img.png 1 0 0 160 40
pos/15274139470311158img.png 1 0 0 170 35
pos/152725584853img.png 1 0 0 162 32
pos/152725570707img.png 1 0 0 109 25
pos/15274277403817675img.png 1 0 0 165 35
pos/15274314924069724img.png 1 0 0 255 52
pos/152725577964img.png 1 0 0 154 31
pos/152725595835img.png 1 0 0 118 23
pos/15272559068img.png 1 0 0 118 27
pos/152725526168img.png 1 0 0 138 29
pos/15274315459717984img.png 1 0 0 255 52
pos/15274250210524693img.png 1 0 0 165 37
pos/152725594245img.png 1 0 0 114 26
pos/1527419910874773img.png 1 0 0 160 40
pos/1527407485880831img.png 1 0 0 165 40
pos/152725576955img.png 1 0 0 113 20
pos/15274298340590692img.png 1 0 0 165 35
pos/15274141615550063img.png 1 0 0 170 35
pos/152725583703img.png 1 0 0 227 45
pos/152725581962img.png 1 0 0 125 24
pos/15274154226140773img.png 1 0 0 170 35
pos/152725571971img.png 1 0 0 166 34
pos/152725586685img.png 1 0 0 118 26
pos/15274290706801133img.png 1 0 0 165 35
pos/152725586155img.png 1 0 0 121 27
pos/15274083602512994img.png 1 0 0 165 40
pos/152725588587img.png 1 0 0 164 38
pos/15274251326083689img.png 1 0 0 165 37
pos/152725582287img.png 1 0 0 174 31
pos/15274145488087552img.png 1 0 0 170 35
pos/152725595918img.png 1 0 0 211 43
pos/1527413581792319img.png 1 0 0 170 35
pos/15274072221415396img.png 1 0 0 165 40
pos/15274300063207994img.png 1 0 0 165 35
pos/152725572316img.png 1 0 0 158 30
pos/152725583299img.png 1 0 0 170 35
pos/152725571712img.png 1 0 0 164 31
pos/15274056044678123img.png 1 0 0 165 40
pos/152725574257img.png 1 0 0 169 31
pos/152725588776img.png 1 0 0 117 23
pos/1527407405576234img.png 1 0 0 165 40
pos/15274220282212393img.png 1 0 0 160 40
pos/15274306733870018img.png 1 0 0 165 35
pos/152725525632img.png 1 0 0 168 31
pos/15274213630733175img.png 1 0 0 160 40
pos/15274252923737798img.png 1 0 0 165 37
pos/152725574751img.png 1 0 0 118 22
pos/1527421517587474img.png 1 0 0 160 40
pos/152725523884img.png 1 0 0 160 32
pos/152725580695img.png 1 0 0 112 28
pos/15274073596427913img.png 1 0 0 165 40
pos/15274251884808393img.png 1 0 0 165 37
pos/15274217453813522img.png 1 0 0 160 40
pos/152725574594img.png 1 0 0 169 36
pos/152725582244img.png 1 0 0 162 35
pos/152725575043img.png 1 0 0 162 30
pos/1527408220916597img.png 1 0 0 165 40
pos/15274242507097225img.png 1 0 0 160 40
pos/152725593321img.png 1 0 0 115 28
pos/15274061083353083img.png 1 0 0 165 40
pos/1527430328918619img.png 1 0 0 165 35
pos/152725585522img.png 1 0 0 114 23
pos/152725594167img.png 1 0 0 122 24
pos/15274142686952724img.png 1 0 0 170 35
pos/15274137106654205img.png 1 0 0 170 35
pos/15274206385144129img.png 1 0 0 160 40
pos/15274226063642566img.png 1 0 0 160 40
pos/15274250689148052img.png 1 0 0 165 37
pos/15274276838318603img.png 1 0 0 165 35
pos/15274056272523723img.png 1 0 0 165 40
pos/152725595819img.png 1 0 0 169 33
pos/152725525084img.png 1 0 0 146 37
pos/152725575059img.png 1 0 0 127 26
pos/15274166366710386img.png 1 0 0 170 35
pos/152725592357img.png 1 0 0 216 42
pos/15274314328371766img.png 1 0 0 255 52
pos/152725583878img.png 1 0 0 221 38
pos/152725593186img.png 1 0 0 173 34
pos/15274085678365302img.png 1 0 0 165 40
pos/15274161602357857img.png 1 0 0 170 35
pos/15274195601807482img.png 1 0 0 160 40
pos/15274164836123793img.png 1 0 0 170 35
pos/152725582994img.png 1 0 0 114 21
pos/15274223926981924img.png 1 0 0 160 40
pos/152725581525img.png 1 0 0 224 39
pos/15274286070413287img.png 1 0 0 165 35
pos/152725571571img.png 1 0 0 118 26
pos/152725575801img.png 1 0 0 171 37
pos/15272557056img.png 1 0 0 219 43
pos/152725523842img.png 1 0 0 163 36
pos/15274152491446712img.png 1 0 0 170 35
pos/15272557702img.png 1 0 0 108 21
pos/152725570274img.png 1 0 0 166 34
pos/15274293876419394img.png 1 0 0 165 35
pos/15272558564img.png 1 0 0 116 25
pos/15274217327181082img.png 1 0 0 160 40
pos/152725581902img.png 1 0 0 164 34
pos/15274067976220741img.png 1 0 0 165 40
pos/152725571415img.png 1 0 0 115 27
pos/15274224612018082img.png 1 0 0 160 40
pos/152742189625418img.png 1 0 0 160 40
pos/15274069352317977img.png 1 0 0 165 40
pos/15272559610img.png 1 0 0 110 25
pos/152725587196img.png 1 0 0 118 24
pos/15274285505488079img.png 1 0 0 165 35
pos/1527420917948425img.png 1 0 0 160 40
pos/152725593009img.png 1 0 0 165 34
pos/15274304783958309img.png 1 0 0 165 35
pos/15274149182087631img.png 1 0 0 170 35
pos/1527405467684575img.png 1 0 0 165 40
pos/1527414097274534img.png 1 0 0 170 35
pos/1527419752775861img.png 1 0 0 160 40
pos/15272557839img.png 1 0 0 169 35
pos/152725595005img.png 1 0 0 116 22
pos/1527424846275692img.png 1 0 0 165 37
pos/152725574951img.png 1 0 0 168 35
pos/152725579101img.png 1 0 0 163 36
pos/152725571947img.png 1 0 0 119 24
pos/152725581142img.png 1 0 0 161 36
pos/152725574289img.png 1 0 0 112 23
pos/152725585959img.png 1 0 0 125 26
pos/1527406751696721img.png 1 0 0 165 40
pos/15274280147035236img.png 1 0 0 165 35
pos/15274218133078575img.png 1 0 0 160 40
pos/152725570509img.png 1 0 0 122 26
pos/152725580161img.png 1 0 0 225 46
pos/15272558770img.png 1 0 0 229 46
pos/15274268663259673img.png 1 0 0 245 50
pos/152725576025img.png 1 0 0 127 27
pos/15274059700221877img.png 1 0 0 165 40
pos/1527428732221066img.png 1 0 0 165 35
pos/15274304323635478img.png 1 0 0 165 35
pos/152725583088img.png 1 0 0 115 28
pos/15274263440682898img.png 1 0 0 245 50
pos/152725583979img.png 1 0 0 165 31
pos/15274282318198597img.png 1 0 0 165 35
pos/152725577768img.png 1 0 0 212 43
pos/15274221778564382img.png 1 0 0 160 40
pos/15274198049438322img.png 1 0 0 160 40
pos/15274263320341518img.png 1 0 0 245 50
pos/152725570958img.png 1 0 0 164 35
pos/152725526392img.png 1 0 0 140 33
pos/152725584575img.png 1 0 0 173 34
pos/1527430237598659img.png 1 0 0 165 35
pos/152725593753img.png 1 0 0 123 22
pos/15274303748796625img.png 1 0 0 165 35
pos/15274052628077686img.png 1 0 0 165 40
pos/15274079192762299img.png 1 0 0 165 40
pos/152725579756img.png 1 0 0 113 24
pos/15274297188099868img.png 1 0 0 165 35
pos/15274164397461762img.png 1 0 0 170 35
pos/1527406957865416img.png 1 0 0 165 40
pos/152725576536img.png 1 0 0 163 35
pos/1527429891339464img.png 1 0 0 165 35
pos/1527407107517371img.png 1 0 0 165 40
pos/15274203415548148img.png 1 0 0 160 40
pos/15274307412112787img.png 1 0 0 165 35
pos/15274208111880283img.png 1 0 0 160 40
pos/15274225010452206img.png 1 0 0 160 40
pos/15274066597429476img.png 1 0 0 165 40
pos/152725525889img.png 1 0 0 157 32
pos/152725587134img.png 1 0 0 161 31
pos/152725581157img.png 1 0 0 121 27
pos/152725585113img.png 1 0 0 119 25
pos/1527407576877274img.png 1 0 0 165 40
pos/152725586881img.png 1 0 0 164 33
pos/152725525107img.png 1 0 0 166 35
pos/152725594931img.png 1 0 0 220 46
pos/152725580884img.png 1 0 0 116 26
pos/15274052512940843img.png 1 0 0 165 40
pos/152725588002img.png 1 0 0 114 22
pos/152725577548img.png 1 0 0 122 29
pos/15274178215233438img.png 1 0 0 170 35
pos/1527415117062606img.png 1 0 0 170 35
pos/152725587979img.png 1 0 0 107 24
pos/15272552574img.png 1 0 0 114 29
pos/152725577262img.png 1 0 0 217 42
pos/152725523777img.png 1 0 0 97 21
pos/15274212834946618img.png 1 0 0 160 40
pos/152725587854img.png 1 0 0 159 34
pos/152725590696img.png 1 0 0 117 32
pos/1527407531776841img.png 1 0 0 165 40
pos/152725592162img.png 1 0 0 120 30
pos/1527408694770248img.png 1 0 0 165 40
pos/15274315933293667img.png 1 0 0 255 52
pos/15274307298799987img.png 1 0 0 165 35
pos/152725575966img.png 1 0 0 116 25
pos/15274307072787943img.png 1 0 0 165 35
pos/15274283228486052img.png 1 0 0 165 35
pos/152725577003img.png 1 0 0 146 33
pos/15274242250423546img.png 1 0 0 160 40
pos/1527419642276927img.png 1 0 0 160 40
pos/152725580998img.png 1 0 0 163 32
pos/152725525391img.png 1 0 0 163 29
pos/15274283456689885img.png 1 0 0 165 35
pos/15274171764419653img.png 1 0 0 170 35
pos/1527427098830959img.png 1 0 0 245 50
pos/152725593627img.png 1 0 0 125 28
pos/152725576685img.png 1 0 0 116 24
pos/152725588728img.png 1 0 0 166 37
pos/152725582503img.png 1 0 0 119 23